3.333153249005291197e-01,2.219421816520685556e-44,1.753212592142458013e-36,6.348473104344358598e-15,5.330936746147548109e-12,6.342869623737042101e-15,3.333519379017257922e-01,3.333327371923886506e-01,6.437551623779778470e-15,6.408023235072501596e-15
5.911272339297506674e-17,3.932914564107998993e-31,1.281588988835037543e-08,2.504248512512135538e-01,4.667618208381238150e-13,2.504966429981446141e-01,5.993889984891016806e-17,5.951381484534144861e-17,2.493577084700491220e-01,2.497207844642359287e-01
1.178079252664614735e-11,1.523027968666445128e-11,2.375866636224140453e-14,2.148773845209942733e-14,9.999999999489574964e-01,2.150802585328747538e-14,1.202419784169569389e-11,1.189780026262979001e-11,2.121506578041241509e-14,2.131041790527036399e-14
7.824483554162707976e-35,8.608334650647811104e-14,9.999999997985521416e-01,5.078433849579835386e-11,2.887004643078734423e-13,5.087371960815143480e-11,8.065967423171404283e-35,7.940681521506752424e-35,4.948898082146540948e-11,4.992620528266609350e-11
6.112370592861960931e-49,9.999999999999314992e-01,2.554716342604097910e-18,2.103132680318058450e-42,6.846621620993775765e-14,2.109306856981116559e-42,6.380618694829689689e-49,6.240498586841778432e-49,2.016727156286308366e-42,2.046042560216483523e-42
3.333427171654836929e-01,1.023897948489150331e-44,7.339184067938781137e-37,3.892746511253293134e-15,3.607751298793328667e-12,3.889240653274122170e-15,3.333240866444149852e-01,3.333331961864779425e-01,3.948341610775161829e-15,3.929905818578370055e-15
9.119210643378137487e-15,5.311939381566590030e-37,1.217452627341832656e-12,2.499385954473394011e-01,6.499876994962876966e-15,2.499276897773421158e-01,9.211858092638794271e-15,9.164372420534315029e-15,2.500927307413028933e-01,2.500409840327642019e-01
9.239631934930767368e-08,2.019240558076516460e-15,2.125147731523584894e-15,1.485143476238883123e-11,9.999997204310587806e-01,1.486062977217560162e-11,9.396299934015967216e-08,9.315039909448182865e-08,1.473251560554997014e-11,1.477484563181413869e-11
1.984768038921521435e-35,1.873416496205798092e-14,9.999999997801526375e-01,5.550269544451162349e-11,6.843767312256196686e-14,5.559992863550272574e-11,2.045954827598736070e-35,2.014213042327174106e-35,5.409054702787523364e-11,5.456699824481451726e-11
5.992267359617630521e-42,9.999999997831922061e-01,7.572092798293878292e-14,2.044054356783040554e-34,2.167321300144869950e-10,2.049448838428212293e-34,6.234905367876253169e-42,6.108301278799423727e-42,1.968360877224041739e-34,1.994074811573996855e-34
3.331618814989915078e-01,1.712008543381990802e-42,1.556549404646467228e-33,6.708046160602129893e-13,4.834517960164138075e-11,6.702753276740593150e-13,3.335076210750806402e-01,3.333304973748857369e-01,6.792994957647953361e-13,6.764863914907972999e-13
9.138557971623100548e-15,2.382301889166702917e-37,8.119097690126016612e-13,2.499215986578404158e-01,4.358384623083641885e-15,2.499081484564712186e-01,9.229967709114385300e-15,9.183132016649907534e-15,2.501183776921478974e-01,2.500518751926966154e-01
2.279123054151193858e-11,7.783323359093516677e-12,6.516711531284395580e-14,1.157405342885824462e-13,9.999999999226292235e-01,1.158462220465167342e-13,2.325569274879421847e-11,2.301454173701640145e-11,1.143169698603025427e-13,1.148149736641661790e-13
1.878792515073280820e-36,2.077707207392220323e-14,9.999999999351786295e-01,1.636498857138496597e-11,2.235918003597571896e-14,1.639447126944026833e-11,1.937704687065542466e-36,1.907139419765154893e-36,1.593731490861058796e-11,1.608154354594938235e-11
1.641614117129683298e-48,9.999999999998570033e-01,2.485851093305316223e-14,3.587637787629017447e-38,1.181922988176452174e-13,3.597936868877562249e-38,1.713247960642904742e-48,1.675842470867282000e-48,3.442128450172174547e-38,3.491438561238289705e-38
3.333997618946843988e-01,1.322425378040168509e-45,4.393645165150599136e-39,6.383942976770793508e-17,1.268007037491232282e-12,6.378283151062063014e-17,3.332656390732798846e-01,3.333345990307675644e-01,6.475984082258535764e-17,6.445487817969939468e-17
3.671667756270401025e-17,2.751008681934780574e-35,1.329175958247181017e-10,2.501958820693513941e-01,3.082024460561837704e-15,2.502281924350349129e-01,3.716188830808399272e-17,3.693333667703506006e-17,2.497053621100892573e-01,2.498705632526036224e-01
2.560845727610982146e-09,7.264627303545411692e-14,2.497357099562934127e-15,4.772804158656832035e-13,9.999999922456515034e-01,4.776322791713973667e-13,2.608000598896552100e-09,2.583525260648218897e-09,4.726206651160244601e-13,4.742670990668835212e-13
1.339755536515602263e-34,4.110694757720365056e-14,9.999999996168790206e-01,9.667638340510355779e-11,2.612879595344197505e-13,9.684482462703045129e-11,1.380760283965012644e-34,1.359489591462325746e-34,9.423709537812872358e-11,9.506035367569259963e-11
1.276294966548364715e-35,9.999996910574688869e-01,5.196051786947623166e-12,2.027086195162678232e-29,3.089373351416087480e-07,2.031883717822906952e-29,1.324024778373300975e-35,1.299137865087512143e-35,1.959720664846381431e-29,1.982662856046171393e-29
3.329131356907829575e-01,3.077838710872616146e-39,2.968548703072848745e-32,2.955205124675024445e-13,2.041360371377573217e-09,2.953270604077109968e-13,3.337629021981582400e-01,3.333239600685113380e-01,2.986833166223476701e-13,2.976449524862421480e-13
1.702639328228194145e-14,8.357797335503267570e-38,3.533844023417493948e-13,2.498774572882992984e-01,3.508466224873236642e-15,2.498565668124004269e-01,1.719085153380858909e-14,1.710662455937680408e-14,2.501850301671346144e-01,2.500809457317574869e-01
1.073119822319824628e-11,1.696005671109579028e-11,1.562746253137392400e-14,1.247508465307830162e-14,9.999999999504535220e-01,1.248630889687849727e-14,1.095244398237884810e-11,1.083749973243100294e-11,1.232163126466489857e-14,1.237542557394046595e-14
3.248363710842259542e-36,1.348411868311056894e-17,9.999999964648246253e-01,8.924616837182924264e-10,7.660000321038617787e-16,8.939612830696308541e-10,3.345051048387166276e-36,3.294942931044459102e-36,8.707141723352911878e-10,8.780374567030755819e-10
3.703116087808664483e-51,9.999999999999118483e-01,8.236828087609160486e-14,5.920770322483100306e-39,5.797885691572674693e-15,5.938647131852627522e-39,3.869805660452321891e-51,3.782762875972671425e-51,5.669222334337417742e-39,5.754306115715201655e-39
3.333037150845109542e-01,2.445001304185463194e-44,4.195052575721305224e-36,1.474676043877794693e-14,5.638884923776723786e-12,1.473415564443126558e-14,3.333630428275588531e-01,3.333332420822319730e-01,1.494951851844189269e-14,1.488228510609738439e-14
1.186217109977176660e-14,1.384462022633205764e-43,5.376311022674216383e-16,2.495150272317752937e-01,3.757448478358138733e-18,2.494282851244582766e-01,1.194479687271179153e-14,1.190271231088414039e-14,2.507372106587660299e-01,2.503194769849642620e-01
1.406358183848168687e-12,1.255254925641267739e-10,1.002364672636880881e-13,1.088501470202665751e-14,9.999999998700670467e-01,1.089587131677340255e-14,1.436598920644753057e-12,1.420889580304609076e-12,1.073703525888584983e-14,1.078867056373996287e-14
2.166708423342351174e-40,8.584974586958877208e-13,9.999999999990328847e-01,2.707755478766758433e-14,1.569284934631599227e-15,2.713161766195854216e-14,2.240330612528993189e-40,2.202090730029578779e-40,2.628952391637996597e-14,2.655513997618788355e-14
6.886856713965444274e-42,9.999999997666072504e-01,1.768656933567627299e-13,5.128495321707385766e-34,2.332159750035558491e-10,5.141943817861431540e-34,7.165368436286075561e-42,7.020045242697613143e-42,4.939343474476245544e-34,5.003601669176896109e-34
3.331990941235235537e-01,8.806584645973967653e-43,1.298051497967677719e-34,7.504380792636590290e-14,3.404903249707856791e-11,7.498032559172115500e-14,3.334710376036325585e-01,3.333298682384931988e-01,7.604127471675728421e-14,7.571115001501709189e-14
3.897252328234430732e-17,1.408285274678442373e-38,2.844180126393594733e-12,2.500271405869124997e-01,7.191136775420727798e-17,2.500332067412674997e-01,3.938636011695508154e-17,3.917448980315695820e-17,2.499602770973806398e-01,2.499793755715950527e-01
2.399070140621598155e-11,7.780188791619163054e-12,1.465351897754457035e-15,2.565770798004762642e-15,9.999999999195136047e-01,2.568094715261548632e-15,2.447864276590300526e-11,2.422517843001457029e-11,2.534553314956601933e-15,2.545507636034088428e-15
1.437092987235998994e-36,4.766882271653190644e-14,9.999999999629008984e-01,9.353446651637093405e-12,2.953542397262196055e-14,9.370355997740416593e-12,1.482448287030828705e-36,1.458912204563430412e-36,9.107569204344614785e-12,9.190510845987820488e-12
2.692079939602434086e-47,9.999999999995182742e-01,9.710313720159281202e-15,5.618061496066771682e-38,4.720067908598051834e-13,5.634017413814653120e-38,2.808026772377015079e-47,2.747489698714972874e-47,5.393359500080834493e-38,5.469547290046843687e-38
3.334781216161511463e-01,2.107271789781629471e-46,1.075619442658443428e-41,3.670046659378783760e-19,4.876347034936608301e-13,3.666513926167985877e-19,3.331876741454285473e-01,3.333342042379325854e-01,3.726518047679971496e-19,3.707828272008889924e-19
3.167521365197655088e-12,3.302824232746787400e-41,5.345364423160870927e-16,2.495094732083809053e-01,9.155199955957027270e-16,2.494243556378525628e-01,3.189475592005568921e-12,3.178275992787948127e-12,2.507418099366915398e-01,2.503243612075383706e-01
4.479474511682706251e-12,3.964166452531436935e-11,6.061016023533609293e-14,2.095454222162461594e-14,9.999999999466363532e-01,2.097475260219975186e-14,4.573714174391015227e-12,4.524768464050207792e-12,2.068065018541894713e-14,2.077632944428483587e-14
5.324665269904494047e-31,2.121800741116739366e-13,9.999999896216098527e-01,2.610087474348494818e-09,3.627111866567781171e-11,2.614387372240252193e-09,5.480363422741779105e-31,5.399627509703232265e-31,2.548269186697384046e-09,2.569162681753902272e-09
2.306396020124331954e-42,9.999999998646386112e-01,1.304062906827248789e-13,2.191462774662107134e-34,1.352309622382563028e-10,2.197257449572712041e-34,2.400211808939333730e-42,2.351257879436333496e-42,2.109984175733589225e-34,2.137658359246187838e-34
3.332692072027758079e-01,6.843190231444951636e-44,3.697872001695206329e-36,7.716588073058022236e-15,9.398260427948465326e-12,7.710156430717194164e-15,3.333985224438285599e-01,3.333322703439664525e-01,7.820469300548423179e-15,7.786066553207177664e-15
2.722219610049142792e-11,9.387855980485856489e-39,3.168179586078376620e-15,2.495891919693173366e-01,4.462763965125637341e-14,2.495178133726086434e-01,2.742964693060918423e-11,2.732354120415257067e-11,2.506196038672205417e-01,2.502733907088302567e-01
2.016411501924005086e-12,8.778854344924969451e-11,7.728935847494976926e-14,1.202635918101471276e-14,9.999999999059734357e-01,1.203826021010079834e-14,2.059486439963677993e-12,2.037111571634999876e-12,1.186457911083623375e-14,1.192104739220788795e-14
7.309014583116051422e-38,1.502870146715064266e-13,9.999999999951142415e-01,1.193913993717057968e-12,1.191448717461128147e-14,1.196169356105859712e-12,7.546108548859768351e-38,7.423041193711525017e-38,1.161188948273827363e-12,1.172223366122142466e-12
1.755526998520637242e-46,9.999999999988320454e-01,1.026892923016817020e-16,1.471165010154766655e-39,1.167810939247494356e-12,1.475364494307112517e-39,1.830545576710204359e-46,1.791377939709666342e-46,1.412517188837732183e-39,1.432418124425767892e-39
3.333836301960622084e-01,2.945324491544792624e-45,6.375723671382530946e-37,6.349996445614222177e-15,1.940796726860755407e-12,6.344138689739510259e-15,3.332820204551720789e-01,3.333343493467993968e-01,6.442697081812873438e-15,6.411918274074470307e-15
1.774729242452728384e-15,1.882526901004049856e-35,1.628620197429449748e-11,2.500805065738826438e-01,1.727651897932544063e-14,2.500941854395767328e-01,1.794676537348558466e-15,1.784440892490051772e-15,2.498780395599723425e-01,2.499472684102594378e-01
2.319939564769188154e-10,8.425168083992791808e-13,2.387479710275702940e-17,3.904076661149435061e-16,9.999999992964816453e-01,3.907498718832633796e-16,2.365136570614829169e-10,2.341666179149108547e-10,3.859528854385074278e-16,3.875215283715763780e-16
4.979282261705082831e-35,1.987065033707323088e-15,9.999999989225686337e-01,2.720109220659853108e-10,3.540189650798808311e-14,2.724692660103407076e-10,5.129430466440953294e-35,5.051560915093072909e-35,2.653299622107784095e-10,2.675839024484082628e-10
2.165938191615977804e-45,9.999999999957831509e-01,3.526570168870049997e-14,1.780784726157679056e-36,4.181506306687346414e-12,1.785590411151376692e-36,2.256970702608553423e-45,2.209440625595844294e-45,1.712516190647533081e-36,1.735696065147611366e-36
3.334262111707447240e-01,5.327461803263340655e-46,5.930547962596545041e-41,1.323013490969377243e-18,7.866169038410723072e-13,1.321852115671111724e-18,3.332390384356921920e-01,3.333347503927766020e-01,1.342181165340683691e-18,1.335839891690081006e-18
2.990582491204957224e-14,5.016911742215057160e-38,2.072606022473238957e-13,2.498493777648682912e-01,3.588957637235738575e-15,2.498238737986145097e-01,3.018809173191069360e-14,3.004356772491467800e-14,2.502273001618209314e-01,2.500994482743952863e-01
3.883013188926507149e-13,4.589713230226759550e-10,4.482002625700845346e-14,1.321315668738348458e-15,9.999999995398011210e-01,1.322695244866707006e-15,3.968568944221013239e-13,3.924112349981859755e-13,1.302489848784456475e-15,1.309053973743691002e-15
8.542840941039207990e-40,4.567914135107377136e-14,9.999999999989964694e-01,2.420525593249322244e-13,7.255076259744118007e-16,2.425304849975953347e-13,8.826292449038332410e-40,8.679168596685485044e-40,2.351499236487996311e-13,2.374745391546291510e-13
7.643045904088289440e-45,9.999999999920381466e-01,5.806789886985539879e-14,5.697467856647695383e-36,7.903822856102263012e-12,5.713168758818782542e-36,7.963322875781075735e-45,7.796164064291534889e-45,5.476865383978603175e-36,5.551706294646378885e-36
3.332451845333858631e-01,1.488333908305892490e-43,5.414551720530917739e-35,7.782057496559253216e-14,1.405279278822419293e-11,7.775575064886168126e-14,3.334228140332586299e-01,3.333320014189896652e-01,7.885904387409288933e-14,7.851486599145207293e-14
6.761521758741915111e-15,3.378090463899750015e-38,3.610989969659255697e-13,2.498319379876438318e-01,1.407301645083486244e-15,2.497977900780391503e-01,6.826263499278235633e-15,6.793083613019316673e-15,2.502568714753137247e-01,2.501134004586204052e-01
2.783812058135442637e-15,6.346112865143336216e-08,7.269609105176131550e-14,1.520688816004039191e-17,9.999999365387901573e-01,1.522535339336054663e-17,2.850803916322656833e-15,2.815968431603197056e-15,1.495261734314055722e-17,1.504091824233485176e-17
7.919742385536146733e-31,3.956308446564381203e-13,9.999999908693125716e-01,2.288941841028849815e-09,6.003466391896680475e-11,2.292650618182017703e-09,8.151243077498593290e-31,8.031171864622107839e-31,2.235253539110300003e-09,2.253411104001677619e-09
1.364964099778701793e-43,9.999999999671667084e-01,2.640506325238552659e-14,1.062251129107970222e-35,3.280685720677717741e-11,1.065089409502956041e-35,1.421241089071962789e-43,1.391866963985013869e-43,1.022222992020218835e-35,1.035819087995923046e-35
3.333987655975611530e-01,1.661999431086535910e-45,1.255095374726227379e-37,1.655980139483760071e-15,1.447472541666398423e-12,1.654464635269345139e-15,3.332664926415264128e-01,3.333347417594582640e-01,1.680171072991674371e-15,1.672141902571073452e-15
2.835578361073971919e-15,1.182496603714311988e-35,1.023356459565536399e-11,2.500571824964350487e-01,1.725523542682454293e-14,2.500671361440365281e-01,2.866910708670978963e-15,2.850836194545503991e-15,2.499130911408490308e-01,2.499625902084199880e-01
8.654673419863544554e-11,2.088748893544270254e-12,1.942161295014125572e-14,1.281933774699174474e-13,9.999999997352027048e-01,1.283029174838361280e-13,8.826098898766547989e-11,8.737092001139431506e-11,1.267193415999867034e-13,1.272366064455279282e-13
1.307339951822165110e-35,1.677174133313985061e-14,9.999999998109031507e-01,4.774271634251259441e-11,5.265613964371405872e-14,4.782670451598919963e-11,1.347732305716617744e-35,1.326778040763140693e-35,4.652332248363232514e-11,4.693469234812622503e-11
8.486614682215711190e-44,9.999999999720682320e-01,1.186962464002670953e-12,4.038921689364597870e-34,2.674469234931564593e-11,4.050054168942350803e-34,8.838672048567371083e-44,8.655005198831250658e-44,3.883302205941840808e-34,3.936059942091591567e-34
3.332152437229821129e-01,3.589176970796414742e-43,2.483889690462048553e-35,2.273696625213721178e-14,2.166488352968005875e-11,2.271852074169508980e-14,3.334537050631377064e-01,3.333310511921238617e-01,2.303429330598854371e-14,2.293590351807674802e-14
2.490982403941881404e-16,7.618355564950549244e-37,8.551788756516190340e-12,2.500543540188790437e-01,1.318626964127417135e-15,2.500631183284914849e-01,2.518381044155775378e-16,2.504333134372753756e-16,2.499188789771731867e-01,2.499636486669023772e-01
1.369439661941246035e-10,1.282726581369093787e-12,2.167960310681974509e-13,2.342706888014895336e-12,9.999999995743643622e-01,2.344636729658668408e-12,1.396280445139016416e-10,1.382347621615970671e-10,2.316540066870762760e-12,2.325717971833760170e-12
5.332130395942256924e-31,2.464903626215296645e-15,9.999999009063055277e-01,2.499763308018145108e-08,3.967376882248275754e-12,2.503691685589408398e-08,5.483199102205903349e-31,5.404913494772872726e-31,2.443209978151875891e-08,2.462307485665393984e-08
5.536628006044344835e-43,9.999999999350938085e-01,2.051748861988278225e-15,1.640163499794088794e-36,6.490412052029544562e-11,1.644568714679874726e-36,5.763564435892777593e-43,5.645121126516919556e-43,1.578453181892629451e-36,1.599422169994156968e-36
3.336944524996082184e-01,2.323400934182462785e-49,1.843340462852921995e-42,1.972648644816115982e-18,1.639607697542195394e-14,1.970569647836514918e-18,3.329649768638038299e-01,3.333405706365714649e-01,2.005937806394579807e-18,1.994858093589708768e-18
1.625794776888127557e-14,1.366172171836971230e-37,4.634173608558366139e-13,2.498875308043222165e-01,4.383310421558479668e-15,2.498679564851218060e-01,1.641664940995462151e-14,1.633535040101398032e-14,2.501699306583269888e-01,2.500745820517121243e-01
5.392347740068540418e-14,3.224358575759454559e-09,3.072425008445960266e-13,1.283714386264906421e-15,9.999999967751654895e-01,1.285131460496777634e-15,5.515483639269599107e-14,5.451488380451883247e-14,1.264216437427133620e-15,1.270998380343922687e-15
5.064927459442592963e-31,7.949265936527192543e-16,9.999998325312552394e-01,4.223437751178908969e-08,2.192537351327659972e-12,4.229755084562403513e-08,5.206802897919306844e-31,5.133268468655259456e-31,4.131136656753813020e-08,4.162325637514020228e-08
2.505463695509087385e-44,9.999999999857487332e-01,4.091925575499546543e-14,7.195654987924584418e-36,1.421044989859179109e-11,7.215280387160877667e-36,2.609784160797933091e-44,2.555337004239076541e-44,6.919730222196384385e-36,7.013378632443545522e-36
3.332969362910284117e-01,3.164902814343830264e-44,3.318944383686023708e-36,1.019207591882006336e-14,6.397673282856754131e-12,1.018335958198933203e-14,3.333701995010125985e-01,3.333328642015203624e-01,1.033205791868010050e-14,1.028565997359535189e-14
8.309883521795159098e-16,2.053072038286507093e-31,2.524518160148354799e-09,2.503302995135737730e-01,1.241706435755489548e-12,2.503859665213310493e-01,8.420236824436065537e-16,8.363468648256197769e-16,2.494997776224953112e-01,2.497839538168374340e-01
9.310979725653817427e-12,1.959026309384532423e-11,7.048557542472489605e-15,4.925091422652918976e-15,9.999999999521641536e-01,4.929764441589724970e-15,9.504171353320640893e-12,9.403828197839653948e-12,4.862253957652511417e-15,4.884244337043542470e-15
1.697002576921516313e-36,5.387486955296371632e-14,9.999999999621226321e-01,9.547263750345489267e-12,3.408784823448175925e-14,9.564514221106285991e-12,1.750543487827660065e-36,1.722759464079382374e-36,9.296434590532730108e-12,9.381050775224867859e-12
2.023955337069694648e-51,9.999999999999622524e-01,3.344323296673251049e-14,1.751255705999032595e-39,4.262761013643446077e-15,1.756529181603260948e-39,2.115244534322347960e-51,2.067568121960888372e-51,1.676895104899057137e-39,1.702053900883243674e-39
3.333466797293808126e-01,6.279690585442067737e-45,3.887457879859418046e-36,2.725603012365405464e-14,2.870002149633279207e-12,2.723223186969184412e-14,3.333187179655267007e-01,3.333346023021129256e-01,2.763877749944658753e-14,2.751167770175640690e-14
3.010316830586719788e-15,4.342758604774492662e-39,1.872493367603056078e-13,2.498574529829034607e-01,3.402554297620719242e-16,2.498334440721141636e-01,3.038714499022311439e-15,3.024185510073245302e-15,2.502161285316888417e-01,2.500929744130967469e-01
3.801097940602782801e-12,4.563713906510981564e-11,2.807300336101936483e-13,8.516318465364909332e-14,9.999999999422209962e-01,8.524726508946273027e-14,3.881448032724010063e-12,3.839728206454862317e-12,8.402795214315073789e-14,8.442376449878610932e-14
6.586259871397228444e-38,5.136196127773684824e-14,9.999999999921556082e-01,1.968011807435215971e-12,6.647242868107393109e-15,1.971731447724859263e-12,6.798807824557752680e-38,6.688505971738953054e-38,1.914211346409385616e-12,1.932344616261090948e-12
7.399586703062845448e-49,9.999999999999165112e-01,4.509650379109113499e-15,4.363068433283766461e-39,7.891244563538890903e-14,4.375790008976435380e-39,7.724077289866871638e-49,7.554635660990615767e-49,4.184156358545930664e-39,4.244776251898056772e-39
3.338358104052236985e-01,2.968018505612660614e-51,1.874670498399580293e-41,1.868608367219357314e-16,1.906889956442774647e-15,1.866491704073375357e-16,3.328190335941638711e-01,3.333451560006097658e-01,1.902173807709847412e-16,1.890949259986250673e-16
4.463109528980711233e-14,1.162182439260147324e-40,7.915660906643183420e-15,2.497332307479380176e-01,2.112953908015699412e-16,2.496932404235332470e-01,4.499781779166550071e-14,4.481074361452041028e-14,2.504012083932116717e-01,2.501723204351746221e-01
5.870809018499280300e-16,2.835628278384045574e-07,5.467714154116594682e-12,2.589771232393303456e-16,9.999997164317014908e-01,2.593081835656055371e-16,6.016019641169914003e-16,5.940530137891045342e-16,2.544051925491639851e-16,2.559873762655024218e-16
1.385352697887637045e-35,1.169634967668346082e-14,9.999999997667360363e-01,5.889800183590636093e-11,4.529287003117706045e-14,5.900097263095365656e-11,1.428027356219443153e-35,1.405889809804647107e-35,5.740157238843640269e-11,5.790640075697922186e-11
7.811864569150620043e-49,9.999999999999226175e-01,2.516703954705846904e-18,2.345483285862102844e-42,7.736846110358065103e-14,2.352371806044520174e-42,8.154365266514634822e-49,7.975464314358456179e-49,2.249153804465928652e-42,2.281835757992980817e-42
3.333206867159179132e-01,1.577254734336523283e-44,1.823697066098885778e-36,7.919409944134191084e-15,4.508145103660074211e-12,7.912529222491355419e-15,3.333459519816859284e-01,3.333333612978561233e-01,8.029751059629019796e-15,7.993161868476029160e-15
2.275708527775753748e-15,8.768737876699096316e-36,9.818085836515353200e-12,2.500547504317315317e-01,1.332910165576333976e-14,2.500641271229717133e-01,2.300816545656201730e-15,2.287936025603353740e-15,2.499169575654867081e-01,2.499641648699718333e-01
4.069865001996056779e-11,4.422835057572036504e-12,2.554097533305349478e-14,7.948238945153707640e-14,9.999999998719267813e-01,7.955250535842431291e-14,4.151751039322082826e-11,4.109230946195643441e-11,7.853687580421318606e-14,7.886826744427800415e-14
3.408797744937785245e-31,2.617921296853610190e-13,9.999999924668162565e-01,1.893240983328060890e-09,3.231406452774664265e-11,1.896413866357224943e-09,3.509041461406699376e-31,3.457063083113316155e-31,1.847799562956815285e-09,1.863153389534404981e-09
4.014883025136685568e-44,9.999999999820480268e-01,3.225332314235823291e-14,7.130444351036453351e-36,1.791976161581895608e-11,7.149779031611795676e-36,4.181591120789846558e-44,4.094580224769793016e-44,6.858374328954458604e-36,6.950737212176401590e-36
3.333584542658009076e-01,5.137393143386689981e-45,1.009035438828710917e-36,7.685902450535329754e-15,2.571640624903231272e-12,7.679059759169099740e-15,3.333072859382710251e-01,3.333342597933256490e-01,7.795365764890480340e-15,7.759035314451860800e-15
5.251361444363733722e-17,1.046762295828186548e-35,6.790141811556779175e-11,2.501846209326553661e-01,2.273138269724381082e-15,2.502176049689374127e-01,5.313844955803052835e-17,5.281789311465161599e-17,2.497211849925659866e-01,2.498765890379373023e-01
3.774663084016151780e-11,4.845409852186203184e-12,4.245413231736881503e-15,1.214143432503582431e-14,9.999999998807320711e-01,1.215267340821251741e-14,3.850972950741923520e-11,3.811353495008846137e-11,1.199238226746983891e-14,1.204458087567691169e-14
2.433338705072691998e-35,1.790755894637966056e-14,9.999999997517974304e-01,6.265980442569244647e-11,7.399965441843451749e-14,6.276887205727301792e-11,2.508198042168454229e-35,2.469362623531190908e-35,6.107336663399342708e-11,6.160868708677710677e-11
3.937410380447819174e-50,9.999999999999804601e-01,1.369131574517158884e-15,3.072722533629142352e-40,1.827737382718232761e-14,3.081902153324173141e-40,4.112652520707947574e-50,4.021136103946482458e-50,2.943951255671706414e-40,2.987557995567985433e-40
3.333432933601728765e-01,8.088001848223080698e-45,6.395675882454015828e-37,3.857336111204600454e-15,3.213287875369267802e-12,3.853942177280898288e-15,3.333229577880801320e-01,3.333337488485183520e-01,3.911771420043160750e-15,3.893718319807443785e-15
3.638751657003174918e-15,1.149556049405960644e-36,2.813981087551481808e-12,2.499874758852668188e-01,6.080072679127708101e-15,2.499851322460103220e-01,3.677017239641696660e-15,3.657399105703981043e-15,2.500189108094754142e-01,2.500084810564165427e-01
2.489081531985657238e-09,7.304802292597247021e-14,1.514240830808966541e-14,2.891643203395825028e-12,9.999999924532295692e-01,2.893765856420532016e-12,2.534937611407230925e-09,2.511140894639390231e-09,2.863401391968023440e-12,2.873366090524396954e-12
1.105342117384517257e-34,2.518331347249188178e-15,9.999999985455553242e-01,3.672425016108798933e-10,5.949055020059004534e-14,3.678789788316781407e-10,1.138654299181214991e-34,1.121383735158167864e-34,3.580872996933353700e-10,3.611740199340791585e-10
5.891288094296158704e-50,9.999999999999690248e-01,8.559179297680874865e-15,2.335949931534413784e-39,2.248123610238098175e-14,2.342784004040335043e-39,6.152465364764188488e-50,6.016058384543644876e-50,2.239346998605344316e-39,2.272071111835977310e-39
3.328423232251835340e-01,2.157394622079691817e-38,2.814281006988867986e-32,1.054399563720848993e-13,5.381722923326030876e-09,1.053771214787167652e-13,3.338352967087170886e-01,3.333223746839530932e-01,1.064929885715177234e-13,1.061485648736802022e-13
1.317904046140967234e-15,6.054808573283844674e-38,1.051571855489454271e-12,2.499548877380429746e-01,8.462499128652918153e-16,2.499482031113658964e-01,1.331289471900660246e-15,1.324434672522550234e-15,2.500683595396177017e-01,2.500285496099169391e-01
4.535889709991974355e-13,4.016043451898170729e-10,5.205841430435954455e-15,1.761952418966831262e-16,9.999999995970141331e-01,1.763844089498741940e-16,4.635787025576174998e-13,4.583881831377606442e-13,1.736488248193851791e-16,1.745367556509631771e-16
8.720119767169060803e-36,4.796743102556350301e-14,9.999999999091699898e-01,2.291375100031091202e-11,7.258556607347869492e-14,2.295462727689860442e-11,8.992153177689203647e-36,8.851007639184679219e-36,2.232046018741079344e-11,2.252063374281196131e-11
1.784555577681145100e-38,9.999999881072275665e-01,8.863017801090362458e-12,1.341102159747416799e-30,1.188390937005515852e-08,1.344467591713563842e-30,1.853865850584470487e-38,1.817723394892008863e-38,1.293947551717503629e-30,1.309974107823389694e-30
3.330937381608845005e-01,1.767984288769810624e-41,1.409132628529034057e-36,1.731722987388475449e-16,1.472668384734122629e-10,1.730416202530775748e-16,3.335798650837990542e-01,3.333263966080490248e-01,1.752938178815076415e-16,1.745966159677787101e-16
1.805382966847923904e-13,4.455759305337693356e-38,7.998756547738289857e-14,2.498139494118126469e-01,8.225791642219985930e-15,2.497847300619664146e-01,1.821762244799322821e-13,1.813381051032635529e-13,2.502792211058935123e-01,2.501220994196952652e-01
4.503766058185333809e-11,4.144260897227341143e-12,2.180777507224499365e-15,7.135963145155940763e-15,9.999999998593761541e-01,7.142082992312008272e-15,4.594005316190370913e-11,4.547126181747932527e-11,7.053053173952526742e-15,7.082201619709266389e-15
1.912963970874519077e-34,7.777580759486765042e-15,9.999999989448101756e-01,2.663703635568676202e-10,1.361287068909972533e-13,2.668203819496063897e-10,1.970657249040664274e-34,1.940734011553495408e-34,2.598226491087011081e-10,2.620325429202283560e-10
2.597394120099163065e-47,9.999999999995382582e-01,2.133700966382430778e-15,1.200897214845336830e-38,4.596578904005867443e-13,1.204323407451559552e-38,2.709320053176843331e-47,2.650880299856001694e-47,1.152753635284624627e-38,1.169080060934606570e-38
3.337067796015217302e-01,1.579891847824651075e-49,2.290895431754462843e-42,2.987619882187220341e-18,1.355646341003840843e-14,2.984452042298651752e-18,3.329522311726552664e-01,3.333409892258094587e-01,3.038308008185261378e-18,3.021429827955179263e-18
6.593834630772877975e-13,1.677637479403552451e-42,2.571455928050335323e-16,2.494950833644705712e-01,9.525357358653307359e-17,2.494090206287317424e-01,6.637934661958945963e-13,6.615479659964242700e-13,2.507638166342625041e-01,2.503320793705499647e-01
1.001044461654412204e-09,1.761901803222138061e-13,1.437317969640090684e-13,1.143278718644395672e-11,9.999999969231181396e-01,1.144156509574101998e-11,1.019869520712977831e-09,1.010101761545507399e-09,1.131527392237421284e-11,1.135658846825270320e-11
5.282369583128986359e-36,1.520665630907372780e-10,9.999999998436646109e-01,2.960624818910078952e-13,3.097620163664996222e-12,2.966247032572490760e-13,5.456141707979093962e-36,5.365869417343495637e-36,2.878743247492232001e-13,2.906412496310585910e-13
1.394254231179710941e-44,9.999999999895368141e-01,5.530651022014497392e-15,7.044657943772552666e-37,1.045765889576106071e-11,7.063746337774358252e-37,1.452397572710550347e-44,1.422043875132141227e-44,6.775428091439900690e-37,6.866866214653260220e-37
3.331505328848152203e-01,2.529778752723066264e-42,8.238854448131621787e-35,2.835294130594186219e-14,5.760738703498949358e-11,2.833088386324916293e-14,3.335200175929086686e-01,3.333294494645548944e-01,2.870945632716229059e-14,2.859167914256127215e-14
1.442074354804004734e-15,1.344275216304550072e-37,1.519309337723307602e-12,2.499465064363562972e-01,1.314939951710179084e-15,2.499355738314106845e-01,1.456855029400856867e-15,1.449280243440297064e-15,2.500822098845573160e-01,2.500357098461507555e-01
9.643782302885980696e-12,1.847854414200101657e-11,4.840263410111607078e-14,3.597406450497112437e-14,9.999999999521026472e-01,3.600776979080986531e-14,9.843611139137264424e-12,9.739834906868932153e-12,3.551815426458841648e-14,3.567757549982266115e-14
3.187988751311014703e-40,2.230887657325508027e-14,9.999999999991360244e-01,2.127487269284220032e-13,3.112949530237977951e-16,2.131685763555674721e-13,3.293925744847810550e-40,3.238940089125010432e-40,2.066754965852177494e-13,2.087204178945586362e-13
1.956759663034745673e-39,9.999999961257700631e-01,2.978612759468838900e-13,1.445901151796816694e-32,3.873932025461234984e-09,1.449567725396751102e-32,2.033598933148897022e-39,1.993516999475580752e-39,1.394480968851835079e-32,1.411965978012996189e-32
3.335003423172617776e-01,8.165458935054335224e-47,2.051940377092837014e-37,1.246711595887890526e-14,3.245874073423596520e-13,1.245490286597760848e-14,3.331621062272794864e-01,3.333375514550839247e-01,1.265996813129097486e-14,1.259574759662088123e-14
7.977083020691562548e-17,1.392973432195816973e-35,6.427870241852952802e-11,2.501639365202756315e-01,3.217834847464825464e-15,2.501916976055505448e-01,8.071512452334142128e-17,8.023053458166012384e-17,2.497530624472519001e-01,2.498913033626398994e-01
7.430339927397555924e-12,2.419320936278791065e-11,2.874937373340801293e-14,1.621598178081351453e-14,9.999999999531936634e-01,1.623114462764186249e-14,7.584951149835668701e-12,7.504641887188793992e-12,1.601006722731596856e-14,1.608211323120235570e-14
8.505888629032611348e-38,2.184322560481651939e-15,9.999999999572785070e-01,1.079111065484791374e-11,1.562931343016005250e-15,1.081019315180292517e-11,8.773484545244984585e-38,8.634629622329451487e-38,1.051098903029275480e-11,1.060543590683903858e-11
2.677739355122286934e-44,9.999999999854864985e-01,4.544148254065902516e-15,8.158332808536384803e-37,1.450885490547236513e-11,8.180757095281278729e-37,2.789272725847464402e-44,2.731059290612479520e-44,7.844304117995443369e-37,7.950909086319384713e-37
3.339668772041249345e-01,7.300108322817984756e-53,3.134453434734628712e-43,1.945879204460399910e-17,2.940716069102437124e-16,1.943508480197260010e-17,3.326858955090211678e-01,3.333472272868536757e-01,1.983164539760268078e-17,1.970683979448508135e-17
2.554563652882354149e-15,6.070840275931413049e-37,2.440229745270932758e-12,2.499724684535110097e-01,3.707279341284727712e-15,2.499665235931232687e-01,2.581242461325123483e-15,2.567564991398520759e-15,2.500422941460385684e-01,2.500187138048755031e-01
4.508254087836517524e-10,4.207235470570134362e-13,5.996478961193155035e-16,1.949777023292706647e-14,9.999999986342698044e-01,1.951315504351401270e-14,4.594396515054602462e-10,4.549660033733883268e-10,1.929223151423934762e-14,1.936476779241861017e-14
5.795168748820126749e-35,4.872368152749792674e-15,9.999999992690421502e-01,1.845286306954519504e-10,5.949087820230177659e-14,1.848379973527583895e-10,5.970582018909625492e-35,5.879588721090447449e-35,1.799989783771593755e-10,1.815278853185994238e-10
1.117799966258782367e-40,9.999999990715596754e-01,1.395413919921880111e-13,1.604928379250725749e-33,9.283008432771228156e-10,1.609040006112992104e-33,1.162320418979644926e-40,1.139091249345882976e-40,1.547042608993692551e-33,1.566723524385177691e-33
3.333499278914088260e-01,6.930108477794674264e-45,3.239421929729478602e-37,2.095968512940176387e-15,2.961823517294701937e-12,2.094111765246838620e-15,3.333163929778938939e-01,3.333336791277271005e-01,2.125716276685728738e-15,2.115852723379445566e-15
4.188940274161816094e-16,9.689615108661605084e-35,7.348152647214036331e-11,2.502194351394170235e-01,1.934123866082232492e-14,2.502628473166708667e-01,4.239150944445505522e-16,4.213393882839201422e-16,2.496654789392542539e-01,2.498522385311556515e-01
7.645231105715647545e-11,2.440155223827980033e-12,6.302306758937187266e-16,3.601278674833934779e-15,9.999999997659267947e-01,3.604633532225287194e-15,7.797935334277633677e-11,7.718665333360289161e-11,3.557461923726252008e-15,3.572817499382650078e-15
1.399195009183246989e-41,3.848800589925332379e-15,9.999999999995697886e-01,1.078181100703671384e-13,2.742578512202462604e-17,1.080291294351212175e-13,1.446006425506775816e-41,1.421705618487869001e-41,1.047379625690910141e-13,1.057748422249525469e-13
2.335594830300522544e-38,9.999999864757460610e-01,4.827669568916676207e-12,8.272790420451161156e-31,1.351942633901018715e-08,8.293444468313353510e-31,2.426133417320794098e-38,2.378918397776203554e-38,7.983147313699830647e-31,8.081620331312154451e-31
3.333281066497029155e-01,1.154050269016399118e-44,3.159153402798806539e-36,1.621186599416855364e-14,3.876599439396086119e-12,1.619781967370914139e-14,3.333379817027273817e-01,3.333339116436278560e-01,1.643768722451020217e-14,1.636275637767417134e-14
2.069104305434531581e-17,2.871988196166529411e-39,1.775934441838633221e-12,2.499700283834210834e-01,2.367498294057249317e-17,2.499624052411938691e-01,2.090543038290609197e-17,2.079565962269073998e-17,2.500489030422240466e-01,2.500186633313849494e-01
2.877928703626595210e-11,6.564209004458154722e-12,7.387723100598763672e-16,1.522834343988606308e-15,9.999999999062288980e-01,1.524179702269686638e-15,2.936163810529050644e-11,2.905907459961597486e-11,1.504680468343097993e-15,1.511060638026124103e-15
4.192956881933796686e-34,3.404560370455710134e-15,9.999999976253577394e-01,5.994133596907915914e-10,1.333990587891180840e-13,6.004126211048287333e-10,4.318054565834986398e-34,4.253183599920767065e-34,5.848889392899486449e-10,5.897905359110432769e-10
6.462219900730267688e-41,9.999999992793856540e-01,1.180343641079997783e-12,1.071931407602124888e-32,7.194340659903800175e-10,1.074727141882304339e-32,6.720838362302038090e-41,6.585935083984321499e-41,1.032738624667458498e-32,1.046049283453342885e-32
3.335827418681773793e-01,6.695483587558293354e-48,3.387509365263253184e-42,6.650660587397441129e-19,8.746725574404082053e-14,6.644068999462265209e-19,3.330796227243439378e-01,3.333376354073911974e-01,6.756937040419743541e-19,6.721665299128891349e-19
1.175790561469155439e-15,3.038320435920863273e-34,8.025006231309441891e-11,2.501709939306631103e-01,5.672087145260056790e-14,2.502010391427770819e-01,1.189792768248545623e-15,1.182602919783272688e-15,2.497405776033092550e-01,2.498873892429403498e-01
6.668116875779536987e-11,2.605559627766794994e-12,5.922058704703390734e-13,3.137720679244600643e-12,9.999999997823019182e-01,3.140339874112538453e-12,6.800637012769367208e-11,6.731838078634359930e-11,3.101886274753621037e-12,3.114443142760512862e-12
1.662115809020108757e-39,2.207401165136727292e-13,9.999999999991787680e-01,1.512442530092984665e-13,2.207438847279326459e-15,1.515443085465562933e-13,1.717551544369239896e-39,1.688772424617624840e-39,1.469083490000863483e-13,1.483691596371816426e-13
9.809531332250666148e-44,9.999999999717600341e-01,1.051854998123191677e-13,3.663608145586348477e-35,2.813479128848424421e-11,3.673476000811276467e-35,1.021500243721368769e-43,1.000339142710023218e-43,3.524661729865185073e-35,3.571829219465682170e-35
3.333288125618750208e-01,1.387577312602150683e-44,2.918559041904273373e-36,1.350293182311753882e-14,4.237272019488484407e-12,1.349096801005600001e-14,3.333378032875674579e-01,3.333333841462658986e-01,1.369327356699614734e-14,1.363012726846590236e-14
2.426047166755345051e-15,6.580807665264495318e-36,8.250574776877831239e-12,2.500421432454179582e-01,1.191257755883755473e-14,2.500489864567160825e-01,2.452623013904354100e-15,2.438989940878981784e-15,2.499362148672262252e-01,2.499726554223699881e-01
1.048797571667831983e-10,1.750157817787422320e-12,5.454984809479840172e-15,4.293162502422118912e-14,9.999999996803686786e-01,4.296837240432392497e-14,1.069499924729229359e-10,1.058750407123437808e-10,4.243978569796218699e-14,4.261251731822304559e-14
1.669438026315261960e-40,1.361038747225786775e-14,9.999999999992194022e-01,1.938547942508680013e-13,1.757547851394088772e-16,1.942275879482663518e-13,1.724815267393802735e-40,1.696065396100373558e-40,1.884031745667929572e-13,1.902396900772640642e-13
3.808716922174303715e-48,9.999999999998261391e-01,1.061435398548276051e-16,2.236648107497361835e-40,1.737867350767584865e-13,2.243110422910480821e-40,3.974356999775580395e-48,3.887852486705452673e-48,2.145945993757201178e-40,2.176711656357011081e-40
3.327451790816886024e-01,4.530747430845901006e-37,7.555437344017770604e-31,6.201009859366261359e-13,2.491323334072422847e-08,6.197530176954466883e-13,3.339348964618958915e-01,3.333198995406924658e-01,6.258935033957659156e-13,6.240043577090843572e-13
2.482397703455121512e-15,2.557043003029934566e-36,5.066439757384699978e-12,2.500215266115859980e-01,7.512175031550287428e-15,2.500252711280587237e-01,2.509120496787088990e-15,2.495416944617098343e-15,2.499673123769339256e-01,2.499858898783399730e-01
1.995396582778614833e-11,9.386359224912530860e-12,1.015100440605774560e-15,1.473590683936375315e-15,9.999999999301413256e-01,1.474945012356362378e-15,2.036153198222668069e-11,2.014981629101519342e-11,1.455440848908373377e-15,1.461807726130656979e-15
2.430277511197899931e-34,2.174699245666672814e-15,9.999999977261480044e-01,5.739939682962074995e-10,8.144280284693363128e-14,5.749526105635581611e-10,2.502845933090152076e-34,2.465216035374526026e-34,5.600601013588245418e-10,5.647614982339474557e-10
1.569446102963292791e-44,9.999999999887161373e-01,3.313836017909843918e-14,4.611520385379477225e-36,1.125073366575144318e-11,4.624141373335046329e-36,1.634951110754207498e-44,1.600761776068639188e-44,4.434103703394170561e-36,4.494314691078641452e-36
