6.837048102800071347e-13,2.056472390804855435e-04,8.761997604865737890e-07,5.075991617605383035e-04,5.075723011808896030e-10,1.082142386599761849e-08,9.992858654828792320e-01,5.868394391668658578e-10
2.371574308546333036e-10,9.981918930871536144e-01,1.308856886231337400e-03,2.981489077676832667e-04,1.273600752976546876e-07,1.652664877788789413e-07,2.006287208780487192e-04,1.795342488422372033e-07
1.356876809627846509e-09,1.576176484841694178e-04,1.679255292952045917e-04,9.990978568938578830e-01,9.073566031984725308e-07,3.460331491188262267e-05,5.401279487417218498e-04,9.599512289210918147e-07
3.804051333197584614e-07,1.031610144253084817e-03,9.982479723306163510e-01,2.494709382531861449e-04,1.704527477947712555e-04,4.593093205673917130e-05,1.306755018689911105e-06,2.528757468738297167e-04
2.000580930897697060e-05,3.548225628789272642e-05,6.161583637167723088e-03,3.009981942914736683e-02,8.337997680822314961e-03,9.480506031246921372e-01,9.636297744029368153e-06,7.284871764829541768e-03
3.035334278745915881e-03,4.878917402575952349e-07,1.559181908648767968e-03,2.255307912595518094e-06,3.703578396777796877e-01,1.218944927096645781e-03,1.810296695254685090e-09,6.238259541977793088e-01
4.484093477752369716e-02,5.122432411915197250e-08,7.194283012131356351e-05,1.306338341449693424e-05,2.170748029232658083e-01,6.098933026553526870e-01,4.184251676330025379e-09,1.281058980217462673e-01
9.969597159466940806e-01,6.872273405649325416e-11,2.186534042080583992e-07,1.158714736819093751e-09,1.655958084823779854e-03,1.565475158610104674e-05,5.271982346896747782e-13,1.368451335527173449e-03
4.272658147463862762e-13,1.449930913193487019e-04,5.372328069404362380e-07,3.405102268537315235e-04,3.164936304290824677e-10,7.265332849069680153e-09,9.995139515021392862e-01,3.646270775222200567e-10
6.684900205853365198e-11,9.993623808681911802e-01,3.809577834180068634e-04,1.231241967465482887e-04,3.652479843502470624e-08,5.141914197595297053e-08,1.333979854390395295e-04,5.115541593229936710e-08
1.950054934267971694e-09,1.673877496425024399e-04,2.325520250191719747e-04,9.991432151840301534e-01,1.310551160076389102e-06,4.721558065701598724e-05,4.069272111328505305e-04,1.389748303279372217e-06
2.505943785286984527e-07,5.362026052001887377e-04,9.987548821037136593e-01,3.216663994315992529e-04,1.356467655771485055e-04,5.745102020732855677e-05,1.151365940643748013e-06,1.927491455508786216e-04
1.574169346063868823e-05,2.124151459361122886e-06,6.552711408637561198e-04,1.452902096863549790e-03,4.787798646852661072e-03,9.892156475413438343e-01,4.658339152491911078e-07,3.870048895241096163e-03
2.253635264238780522e-03,6.333262768463565498e-07,2.029328330691473718e-03,3.034102608240522657e-06,3.680507138649373733e-01,1.439388505144583059e-03,2.435535534444902367e-09,6.262232641705672842e-01
1.342602584013421509e-02,5.257675220686962116e-08,6.172290826325574624e-05,1.746679374272965340e-05,1.144370663793213283e-01,8.036736118493765790e-01,5.609050264750318038e-09,6.838404804335944387e-02
9.961262854833061731e-01,1.092900876162725202e-10,3.504431475654555720e-07,1.306480289725653835e-09,2.057812420075163899e-03,1.357430281583795904e-05,6.478935858772350446e-13,1.801975934237106660e-03
5.046982268481849760e-13,1.618737266735830827e-04,6.357676615013750210e-07,3.894510169933932601e-04,3.735260337654176010e-10,8.336889322237756423e-09,9.994480303460011594e-01,4.317502825400697147e-10
5.913086696372326716e-11,9.993879342216966943e-01,3.348724680464061046e-04,1.363020797803108676e-04,3.324094987837202806e-08,5.153461559763167052e-08,1.407601714309354745e-04,4.622434928886205080e-08
1.224618634105765516e-09,1.887397127004540695e-04,2.001780682735630930e-04,9.991606805022911209e-01,8.457572120327833736e-07,2.652711713469073948e-05,4.221212468759017941e-04,9.063708935946039926e-07
3.133680747321208125e-07,1.068999727375390769e-03,9.983934350494751975e-01,1.750196596729070378e-04,1.325334566673731058e-04,3.047840465595624335e-05,1.067792351795837706e-06,1.981525417265810160e-04
1.989538577383449610e-05,2.260684913733120933e-05,4.463454306412940539e-03,1.789290395793954186e-02,8.000340847412225342e-03,9.626732289631463324e-01,5.729012746954271535e-06,6.921840677430879905e-03
2.089960777201713658e-03,1.408627986571858659e-06,4.484114853607391350e-03,5.646862025235092177e-06,3.659174497295437645e-01,1.832541239171278950e-03,4.910121027044275878e-09,6.256688730003430177e-01
2.388457614445680180e-02,4.953060736784574180e-08,5.835530576506630127e-05,1.758881468251122224e-05,1.241889045830614907e-01,7.789041983814969372e-01,5.677756545119215607e-09,7.294632156217324692e-02
9.927036783547923404e-01,2.360538096813002256e-10,7.545276639650412732e-07,2.408508572954814082e-09,3.829611097359679039e-03,2.087455299554835713e-05,1.255293616953072969e-12,3.445078821370734738e-03
6.947844839057314698e-13,1.464197351617711762e-04,7.510403247666322006e-07,5.897515533681265071e-04,5.118214606839303910e-10,1.264471203721618512e-08,9.992630639289840078e-01,5.849330070394802972e-10
8.920601936370069510e-11,9.989943023856737714e-01,4.987276198768444318e-04,2.461635176482258598e-04,5.107963298549560329e-08,8.502985429531143369e-08,2.605997518261450987e-04,7.052628162084532478e-08
1.109506422008603188e-09,1.221024012583117515e-04,1.428035863360670686e-04,9.993596117778498211e-01,7.493172719269122199e-07,2.719165075361668787e-05,3.467465603300644555e-04,7.935966938202119472e-07
1.759636964456139310e-07,1.035501950288017200e-03,9.983952069002670626e-01,3.140174080969750352e-04,8.947733139260527621e-05,3.509487697734324979e-05,1.595078628840001686e-06,1.289304906528141142e-04
1.505520295012387368e-05,2.113541640737781822e-06,6.252806365041594684e-04,1.534573583566621472e-03,4.490380932871892126e-03,9.897199751205736362e-01,4.926180957772300720e-07,3.612128363797122675e-03
2.537364158680032941e-03,3.915903757643055273e-07,1.256117215118234378e-03,2.068930688100661123e-06,3.734265047947375460e-01,1.243721268061651368e-03,1.588247099544825749e-09,6.215338304540916070e-01
4.412730806690671331e-02,4.908664274166834159e-08,6.579586083038344599e-05,1.407882968977424085e-05,1.871819750687311879e-01,6.587161395119369711e-01,4.506219925475174888e-09,1.098946490690422273e-01
9.974197715109272000e-01,6.266044739327451731e-11,2.010220066600662600e-07,9.414620410103437974e-10,1.399168106482483751e-03,1.256056189226349660e-05,4.360151011208574906e-13,1.168297794132777982e-03
9.875637789887580551e-13,3.154531026430004259e-04,1.299140662043150496e-06,7.000958248197702892e-04,7.316426650039217151e-10,1.511868656497353718e-08,9.989831352299028966e-01,8.506555148188252301e-10
1.005495105353734770e-10,9.990495330436993671e-01,5.685070946252559782e-04,2.079405880297249744e-04,5.657684167402071383e-08,8.619013135142419413e-08,1.737978281019574522e-04,7.857802116228662968e-08
1.447906196774941746e-09,1.309821579907258086e-04,1.701936162191011249e-04,9.992965937889964900e-01,9.709092275838867089e-07,3.634218368134888391e-05,3.638903722495613765e-04,1.025523729022813100e-06
2.356442046706943869e-07,4.133735440809516528e-04,9.990978756820190210e-01,1.665242006855308359e-04,1.160755635315407699e-04,3.627320878346858502e-05,6.792959534212460399e-07,1.689628607413905291e-04
1.961781277555815564e-05,8.501275904739742751e-06,2.206251646813037811e-03,5.722473020348399671e-03,7.308020676286846977e-03,9.785600418682275370e-01,1.830804818166764075e-06,6.173262894825655087e-03
2.584580845258667697e-03,3.915464485801321391e-07,1.255839547131387636e-03,2.039431233230060942e-06,3.705245511591926388e-01,1.220394481542865124e-03,1.572006833177176306e-09,6.244122014171858970e-01
6.874765871436749887e-02,4.584056969766047860e-08,6.362297301277532700e-05,1.282090303751755348e-05,2.073961201931031617e-01,6.019253337108237956e-01,4.102254868451548453e-09,1.218543935628307040e-01
9.967388741479511483e-01,9.119299307285032613e-11,2.922538537160587180e-07,1.126983502467770779e-09,1.744384162629725957e-03,1.283212325774820910e-05,5.495987920096808668e-13,1.503616093581581657e-03
4.205646638625618467e-13,1.490189334756044336e-04,5.484947098530052630e-07,3.214289302370571021e-04,3.119948974729326599e-10,6.843359376485038636e-09,9.995289961249370636e-01,3.608656234422326534e-10
5.652157696079614469e-11,9.991142094140114116e-01,3.210416126449825336e-04,1.784768479972407358e-04,3.158380397441087378e-08,5.115302864456964354e-08,3.861454207235781653e-04,4.391126851762886973e-08
1.181403141079384468e-09,2.945489810789626980e-04,2.335469697500980161e-04,9.987212960900361258e-01,8.237508682857855546e-07,2.438545087994863279e-05,7.245062924449687186e-04,8.912835386040583109e-07
1.758150252253533549e-07,1.525799965063606278e-03,9.978511784635882842e-01,3.707645553181541345e-04,8.810411354492457016e-05,3.455406493308169953e-05,2.127726774669587915e-06,1.272952957520779454e-04
1.903053890010258101e-05,2.508565676080628650e-06,8.296159613387718438e-04,1.500347119102807443e-03,6.016057976632648886e-03,9.866962260723785016e-01,4.859934614569572096e-07,4.935727772509660403e-03
2.204963384105123898e-03,6.244614403789645560e-07,1.997289994762656978e-03,3.040982258782699096e-06,3.672103671832601668e-01,1.455274367992547783e-03,2.429713214588254957e-09,6.271284371964670479e-01
3.389307319807816771e-02,5.056530113765880510e-08,6.633259533094228665e-05,1.475336168669857369e-05,1.736553132675667799e-01,6.902782455774060244e-01,4.722063749598169393e-09,1.020922267125665972e-01
9.967851064042312359e-01,8.735816412673660288e-11,2.802922716123301329e-07,1.100886255845952314e-09,1.716698102931854672e-03,1.226567860507599531e-05,5.364537926130721257e-13,1.485648333179298824e-03
8.100078355661422639e-13,2.089958169384305731e-04,9.617290173152715434e-07,6.302203358239464714e-04,5.979947560534701440e-10,1.356620734849881569e-08,9.991598072634966243e-01,6.897117206760157335e-10
1.455179562572599315e-10,9.988911242124826062e-01,8.240801716737644351e-04,1.546705216958315352e-04,7.568554914379847933e-08,8.834478679316574726e-08,1.298536234574051735e-04,1.072948364431080111e-07
3.303929097898449537e-09,1.310504676676716384e-04,2.489745416379081410e-04,9.991286432310120258e-01,2.132928181867578996e-06,9.678772136242501422e-05,3.902046087187661006e-04,2.203197490110691889e-06
4.214304921132860712e-07,3.233211812804403151e-04,9.989714996633947131e-01,1.527415326076590871e-04,2.023916026913735137e-04,5.280367585794591196e-05,5.459749811719008112e-07,2.962749386943573410e-04
1.966419510641911227e-05,8.889310735055286941e-06,2.283090341223957282e-03,6.014991942501757109e-03,7.356442936168708022e-03,9.780932691433268378e-01,1.924405724572916315e-06,6.221727725212818430e-03
4.596011248777123574e-03,6.307021146792474682e-07,1.988657631760835497e-03,2.375201252256790772e-06,3.760755404223158349e-01,1.161205790969069762e-03,2.035025738608672076e-09,6.161755769677844663e-01
3.561125945861976644e-02,5.124535924691411288e-08,6.887165162062158178e-05,1.417782736489217702e-05,1.877011082272871390e-01,6.659586193469100301e-01,4.536210179694295933e-09,1.106459077066282021e-01
9.973293611801152814e-01,7.035514910867986249e-11,2.257561899442766945e-07,9.393398304402656945e-10,1.434548006284064314e-03,1.192659096600841604e-05,4.459917130835910481e-13,1.223937456303784933e-03
5.270817586879540196e-13,1.458829608711023130e-04,6.451599878025501589e-07,4.092604299528730498e-04,3.905186670266974598e-10,8.712149508051091378e-09,9.994442018958455964e-01,4.501473614474375671e-10
7.614476401540170744e-11,9.991590131577618994e-01,4.289280574088264147e-04,1.920714500509226202e-04,4.298978203505377012e-08,6.835078089925972534e-08,2.198163373881205720e-04,5.958068263953132281e-08
1.599452904412283945e-09,1.717511079345655713e-04,2.259052368573138589e-04,9.992086961496771114e-01,1.095488201164674438e-06,3.579715121169353302e-05,3.555859277153507257e-04,1.167338949796909530e-06
2.772723124904819618e-07,1.277034985672620155e-03,9.973846045727384757e-01,8.612359246136454304e-04,1.591873529382166355e-04,9.184000572769823810e-05,3.196808666234182509e-06,2.226230773305510875e-04
2.284634149274520547e-05,5.967583320889798685e-06,1.914345957985614903e-03,3.235492823256577895e-03,8.557689832108550734e-03,9.790886135740501928e-01,1.042089404004198998e-06,7.174001798381263173e-03
3.571119224289460905e-03,2.208651877630142168e-07,7.087164121718155267e-04,1.246540999769697795e-06,3.783164755838577809e-01,1.000885676966118765e-03,9.195902185558127268e-10,6.164013347769370377e-01
4.163593424055623410e-02,5.530145897282928483e-08,8.317694760075162791e-05,1.176117001832226599e-05,2.695610131737466442e-01,5.301238963284732320e-01,3.785730510990881220e-09,1.585841590524152411e-01
9.972326506882464026e-01,7.298197185179303245e-11,2.338429194588512560e-07,9.732039874943612536e-10,1.483946862637033947e-03,1.208014900680649127e-05,4.637547939595542312e-13,1.271087410540537501e-03
4.328542096956998772e-13,1.292581731767473714e-04,5.417838805915680395e-07,3.330554998879706598e-04,3.208951461153267884e-10,7.089278783984503049e-09,9.995371367620707881e-01,3.703771558159168527e-10
5.525819164371477775e-11,9.994136667242653482e-01,3.138464124963123388e-04,1.257525546202304637e-04,3.079802540818983622e-08,4.681122587535120786e-08,1.466137266814036908e-04,4.291742733214522988e-08
2.019198097503652902e-09,1.421674487796844850e-04,2.248157123902840059e-04,9.992580234385699534e-01,1.356325255106670104e-06,4.968640531515049311e-05,3.225180722833881960e-04,1.430578208385659237e-06
1.768667324430246470e-07,5.276179864899309489e-04,9.990410695407994091e-01,1.844962745289434726e-04,8.815144702290548487e-05,3.009842450293377319e-05,8.315953610328034838e-07,1.275578645623222178e-04
1.623931534378107784e-05,2.927136527150204292e-06,8.259002998507236409e-04,2.137831025193760899e-03,5.021064061863523414e-03,9.879382972062071833e-01,6.902226430486462152e-07,4.057050732370710497e-03
1.217369150489644447e-03,2.755482612397576460e-07,8.705117890055887563e-04,2.179434898670600227e-06,3.753413378469753758e-01,1.597819648393809452e-03,1.483348362855420842e-09,6.209705050986273900e-01
5.442579435390890868e-02,5.186361646234859032e-08,7.526806469644660327e-05,1.227532066573667718e-05,2.437638093573315512e-01,5.568305001852552616e-01,3.952427368022825583e-09,1.448922969020982054e-01
9.951837455525749387e-01,1.237829701455886798e-10,3.963654556783831540e-07,1.669171632884284041e-09,2.577333844074376594e-03,1.785704792978169028e-05,8.086896008169770001e-13,2.220665396201688783e-03
6.486954598169920824e-13,3.376549255189161209e-04,1.004915924020211754e-06,4.218420896521253138e-04,4.832761685921197886e-10,9.074565118751870689e-09,9.992394879436745647e-01,5.667402564876459172e-10
1.055366455092699260e-10,9.990495877540775949e-01,5.984574316395798116e-04,1.974863339537827583e-04,5.895691821853148627e-08,8.702585159325534155e-08,1.542402464981895498e-04,8.214552438850981322e-08
9.730483225127793077e-10,1.629962304115288010e-04,1.571631126132570571e-04,9.992286978751424575e-01,6.692577592245032991e-07,2.180730457939152676e-05,4.279490208698687181e-04,7.162255759892336234e-07
8.802481767780301610e-07,3.171233695693959661e-04,9.983928073804372305e-01,1.748959978185997172e-04,4.136105449333784970e-04,9.188574771310379957e-05,5.555696924557471218e-07,6.082411416590450962e-04
1.955705687614823688e-05,6.695331339069356275e-06,1.843360680793262960e-03,4.348558154456574898e-03,7.114445219824914839e-03,9.806815543946111324e-01,1.393057419186348376e-06,5.984436104679635715e-03
2.258533182328402878e-03,5.284254484741829992e-07,1.695635034729504019e-03,2.660868667780775660e-06,3.696155520136359951e-01,1.377522845942703855e-03,2.092605570678164634e-09,6.250495655366417047e-01
1.470719799890981075e-02,5.534511377755181056e-08,6.746218400888659081e-05,1.703170364968463124e-05,1.313261463125503237e-01,7.763719513437010722e-01,5.468855242094305884e-09,7.751014964321108203e-02
9.972676830410852622e-01,7.278132244294496253e-11,2.335703074097419394e-07,9.593128795017176456e-10,1.467908409983663095e-03,1.206230102731915961e-05,4.569520545500490893e-13,1.252111645045354349e-03
1.881728416563743866e-12,3.963964421072819675e-04,2.183278587945905683e-06,1.440159782121024730e-03,1.391872572324888041e-09,3.075556307172385542e-08,9.981612267437464103e-01,1.604119993930399341e-09
1.284411921963500473e-10,9.989439263265644797e-01,7.314414781490377170e-04,1.864203830476147527e-04,6.996355446138902445e-08,9.398475052295574337e-08,1.379496112731016112e-04,9.812421962933773679e-08
3.343926126389707742e-09,3.524097120846326125e-04,5.358842659611537428e-04,9.985545052079167760e-01,2.325959129367876277e-06,6.568214119170752159e-05,4.866902570513475103e-04,2.499112738889750693e-06
1.776386020857291895e-07,3.580424992548071313e-04,9.992529868023374284e-01,1.428848451199757601e-04,8.842503080425356517e-05,2.871770670352805029e-05,5.911086500344204314e-07,1.281743685280421719e-04
2.259290015334334666e-05,5.160974249514308544e-06,1.688561623287082418e-03,2.794579817611698991e-03,8.276115349996960788e-03,9.803155082229604300e-01,9.014520616810495626e-07,6.896579659679363990e-03
4.795980518537949593e-03,2.821950297909326773e-07,9.005660992699540159e-04,1.382517398979992879e-06,3.836022293828807439e-01,1.010304355319346275e-03,1.067333533775546050e-09,6.096892538642296744e-01
7.929059674259306134e-02,4.480421740410488895e-08,6.296562142946587361e-05,1.236164626292503181e-05,2.143753868828486564e-01,5.800338980740972206e-01,3.956597472509079369e-09,1.262247422719537659e-01
9.935719045772787306e-01,1.747258564236361169e-10,5.606342386913628822e-07,2.167331041805501062e-09,3.418335602421804058e-03,2.126042546357714318e-05,1.075280377082946051e-12,2.987936417464884774e-03
4.198250728509829245e-13,1.448916035481888766e-04,5.448981104941398460e-07,3.205615707932133363e-04,3.114669642049104126e-10,6.823560580059644331e-09,9.995339944319625580e-01,3.601381275499990272e-10
6.110433769143371193e-11,9.993896396170670604e-01,3.466202930352126435e-04,1.319764117922470417e-04,3.417331347275210485e-08,5.182475673007428468e-08,1.316300336563841153e-04,4.758527451277065826e-08
1.361988376041906636e-09,3.377681781046448653e-04,2.771027689006068037e-04,9.986026919345815100e-01,9.536957713163133189e-07,2.734076057394246566e-05,7.531103021345632222e-04,1.030997944900190737e-06
2.603202706276110386e-07,6.327512221882488925e-04,9.986832779198786536e-01,3.015908582455998775e-04,1.355643448229933655e-04,5.213315757124082879e-05,1.196896247460571381e-06,1.932252807750242641e-04
1.894260841403357632e-05,5.337710046151652744e-06,1.518630449972930858e-03,3.459588935580461613e-03,6.689968682025897694e-03,9.827188667490999174e-01,1.108252812356750555e-06,5.587556612048249355e-03
1.581254559671857289e-03,1.548165403252765033e-06,4.967167732003186127e-03,7.037279303615675573e-06,3.684178013696962073e-01,2.210368167680437125e-03,5.912666786867766030e-09,6.228148168135746454e-01
4.086330736830083576e-02,5.171093976872587231e-08,7.159612765035713259e-05,1.352526293246138194e-05,2.074338288037367306e-01,6.298951836069505150e-01,4.331249143477389752e-09,1.217225027882402472e-01
9.957236273492175993e-01,1.164009571268859484e-10,3.734638079544340280e-07,1.450723393493483514e-09,2.277746794801843895e-03,1.503347031372683508e-05,7.145450272357189214e-13,1.983217354019897825e-03
4.642167242061962491e-13,1.369195425790633788e-04,5.637894017978061376e-07,3.717850952367956281e-04,3.436120214782671577e-10,7.937721267867189896e-09,9.994907228958752610e-01,3.951096225699814620e-10
1.100019484571983972e-10,9.987668238088498462e-01,6.035912107297328189e-04,3.032372043732056797e-04,6.269682679352913141e-08,1.048407599852600602e-07,3.260931069301908404e-04,8.702152836269129416e-08
2.461824683718633299e-09,3.414027658588408452e-04,4.249816272977334540e-04,9.986307682101709382e-01,1.714617378311983835e-06,4.875885724419961296e-05,5.505268581684953253e-04,1.844602056951179388e-06
2.484016702012267557e-07,4.384943952207638238e-04,9.990188936553927590e-01,1.943965026397273391e-04,1.248122194815840815e-04,4.144258330037751606e-05,7.663040441532445969e-07,1.809459382504165518e-04
3.601486675974324762e-05,2.628345035405517077e-05,8.474196493442807260e-03,1.064412262963471828e-02,1.707932141413258387e-02,9.484961162875777951e-01,3.506171231740972062e-06,1.524043868686661939e-02
3.618223395030557149e-03,3.216385240672585515e-07,1.027503684032516967e-03,1.606630697326815243e-06,3.736575000555678039e-01,1.073585252409959634e-03,1.242584161588138786e-09,6.206212581011536500e-01
3.327050754953113365e-02,5.134091006841434232e-08,6.793110158372003002e-05,1.462051256499054518e-05,1.785393947831397099e-01,6.831890346702207406e-01,4.680002756145480890e-09,1.049184553620468585e-01
9.930222079366494148e-01,1.782343476008001716e-10,5.704353448275017069e-07,2.412666428574829970e-09,3.732165659168630231e-03,2.495539044105757486e-05,1.172814430872044357e-12,3.220097986322418594e-03
7.361739852508597274e-13,2.296733948251514223e-04,9.631828638944813332e-07,5.354696333861928923e-04,5.469055418144909958e-10,1.141614626303857230e-08,9.992338811914912577e-01,6.336455343363567605e-10
1.145686542190369189e-10,9.990147721512677714e-01,6.493545451054849376e-04,1.760573710728952556e-04,6.201263361712203301e-08,8.311965966090744910e-08,1.595838652109854644e-04,8.682048074417634683e-08
1.572708209733857046e-09,1.276268609195583680e-04,1.746508362958600806e-04,9.992957169153819930e-01,1.050592997918601360e-06,4.036863034819046427e-05,3.594801908452187182e-04,1.104400503028469612e-06
4.301470007769238651e-07,3.515029232220102441e-04,9.987703544988799642e-01,2.478195096348054737e-04,2.266646715728975092e-04,7.772801083977711313e-05,7.666954344062233002e-07,3.247335434153642030e-04
1.972873545100483619e-05,9.357857811099862822e-06,2.376178536312307989e-03,6.365478099161939012e-03,7.418359180350901985e-03,9.775263647442413717e-01,2.036519836767113551e-06,6.282496326834532789e-03
1.917925993042933052e-03,1.000757580197006396e-06,3.207732498666412448e-03,4.604242079142716335e-06,3.704716565320919086e-01,1.769832717580813609e-03,3.798089645496837797e-09,6.226272434608689510e-01
1.044676742873585501e-01,4.263804362585606622e-08,6.168655249556040214e-05,1.133462309283025173e-05,2.293324719652602151e-01,5.308691792336391879e-01,3.629538169290749882e-09,1.352576070705718836e-01
9.958452402837442152e-01,1.165073242562158600e-10,3.738010521058762894e-07,1.400068986679321020e-09,2.208298168995090956e-03,1.434953749656023444e-05,6.947408380813435897e-13,1.931736691440959046e-03
4.280000576243743970e-13,1.611730313027009065e-04,5.709304462780672790e-07,3.226015528290438784e-04,3.178074439525562387e-10,6.867139006521628454e-09,9.995156469320998216e-01,3.679478871531124577e-10
5.513911577910220253e-11,9.992748050588069475e-01,3.130586610053507799e-04,1.557010233080147036e-04,3.087899605822451554e-08,4.922739165308591767e-08,2.563121456465332132e-04,4.294970597590875811e-08
1.644016750129523945e-09,5.292461316476480045e-04,3.776285712431172318e-04,9.979114828601042264e-01,1.158546493001860076e-06,3.130300522379790416e-05,1.147921332560763313e-03,1.257908710682886960e-06
4.247746752872218075e-07,3.454388392137365299e-04,9.989619043265685061e-01,1.476582943100012845e-04,1.999652954326597547e-04,5.002336552143360135e-05,5.511016857697048504e-07,2.940340025925883456e-04
2.323143925833674381e-05,1.520840238900795537e-05,3.692287630660826773e-03,9.727679664831387352e-03,9.115181673024922229e-03,9.695186058808396012e-01,3.176830268416311947e-06,7.904628478727467739e-03
2.038170542533392950e-03,1.023668209982200369e-06,3.267064534402194451e-03,4.528752889464470777e-06,3.663135873798181175e-01,1.714650866585703658e-03,3.784176499096302882e-09,6.266609704713844708e-01
5.088655908108326992e-02,4.892925830895237282e-08,6.771375856987857681e-05,1.321969838079847031e-05,2.065731726400517609e-01,6.209484320483470432e-01,4.229422838433570862e-09,1.215108496148860628e-01
9.970967169119258067e-01,7.399043446646668924e-11,2.374826101508532041e-07,1.024307779680821388e-09,1.564109604698606017e-03,1.228505502641292902e-05,4.870291881141932484e-13,1.326649846953805540e-03
1.556993966242400642e-12,2.612892492837951019e-04,1.594184709051007511e-06,1.319013882838004914e-03,1.145396698133581075e-09,2.846495831854559983e-08,9.984180717677274552e-01,1.303529698416593762e-09
8.588180293468591452e-11,9.985785151225267109e-01,4.699416584376268826e-04,3.920157729083769012e-04,5.103313477893812977e-08,1.007323611017074589e-07,5.593057827030298431e-04,6.981204645007626188e-08
1.024625836016539794e-09,1.376138063878195813e-04,1.399012120639770026e-04,9.992573740390825465e-01,6.929593789039727249e-07,2.511613809726724863e-05,4.385653357891355106e-04,7.354845746327117354e-07
2.878684338945372843e-07,1.130868584010422638e-03,9.979666196810071943e-01,4.749972457164156449e-04,1.499675888107181285e-04,6.264791080673301124e-05,2.093269925018434821e-06,2.125178512894710834e-04
1.836481914106427688e-05,5.495316900353302135e-06,1.510003197247949741e-03,3.714281266743923657e-03,6.441519869295678560e-03,9.829364561054602101e-01,1.189352780507368307e-06,5.372690072430292944e-03
1.204339026372482774e-03,1.272844249599260156e-06,4.067725437886340369e-03,7.253200770108278239e-06,3.722782278142577894e-01,2.589969411886870656e-03,5.666102963860570680e-09,6.198512065984738140e-01
3.184524565221685810e-02,5.066010128976762945e-08,6.531410608183330492e-05,1.516276494689598850e-05,1.651213173426694658e-01,7.050787302452282690e-01,4.861696346356203173e-09,9.787417436705908580e-02
9.945816762928493260e-01,1.676865201345400210e-10,5.354535266837121565e-07,1.798250745430313188e-09,2.846419271277608222e-03,1.676331276382702593e-05,9.214382817365613052e-13,2.554603702723772744e-03
6.526303207797851021e-13,4.071554037367107037e-04,1.070166296227528790e-06,4.108837379348865529e-04,4.869162068525497292e-10,8.861506656185788251e-09,9.991808807708301154e-01,5.721266037146173091e-10
6.558152259698079210e-11,9.993391852459561076e-01,3.712541550823184131e-04,1.458471892235090419e-04,3.681822595149568244e-08,5.660399227431802492e-08,1.435686879432214371e-04,5.123399516199179781e-08
1.789301026101630796e-09,1.326308968631375305e-04,1.972817147886670548e-04,9.992895437533793057e-01,1.197575497328098984e-06,4.503282429137641247e-05,3.330495555185370164e-04,1.261890360793698368e-06
3.105367372326671877e-07,6.677245105421684025e-04,9.984347607812674719e-01,4.156942477858745363e-04,1.687101286274587844e-04,7.327691255348969075e-05,1.478266052594086873e-06,2.380446164337870986e-04
2.692621222189080674e-05,3.455140071219170146e-05,8.138062179494276807e-03,1.982213074192938976e-02,1.220550000656215467e-02,9.489453863655740173e-01,6.392579994042194586e-06,1.082105051351186543e-02
1.862527247717060078e-03,9.131939226808329858e-07,2.929578931818361143e-03,4.354794305035246940e-06,3.701206528753311353e-01,1.748439850334012257e-03,3.544341353972360151e-09,6.233335295622304262e-01
7.565981561873158512e-02,4.677704836638333172e-08,6.667666940225713248e-05,1.229280086156834123e-05,2.260835645531214244e-01,5.659801206759411674e-01,3.943850481055715987e-09,1.321974789610431689e-01
9.964708114268254757e-01,9.680430914852642200e-11,3.106052224762599238e-07,1.200899342982847840e-09,1.881394851611596338e-03,1.292978437962116531e-05,5.891939375933966759e-13,1.634552033668041499e-03
5.065863113974287847e-13,1.337600982103207827e-04,5.982389482536090603e-07,4.074442402359690547e-04,3.745131935886101006e-10,8.695182651010788829e-09,9.994581879217194764e-01,4.306836497841714462e-10
1.141965695526579342e-10,9.989273346960662048e-01,6.356917671343711865e-04,2.231410586290204451e-04,6.311861165528425182e-08,9.304575449463433182e-08,2.135878899295469652e-04,8.830967832788773559e-08
9.162777537662738597e-10,1.424139497406191912e-04,1.363627622956983321e-04,9.992648219358060135e-01,6.246814860739430082e-07,2.167353220742033304e-05,4.334371002669160306e-04,6.651219196294321839e-07
3.802032909302408580e-07,3.311242555496419094e-04,9.989696315441700669e-01,1.778384346927156477e-04,1.898422020524520972e-04,5.597894502521617432e-05,6.127693480821293381e-07,2.745916458709842726e-04
1.962448337446720637e-05,7.446908080646875138e-06,1.980713412620450659e-03,4.970254895462297533e-03,7.166481703730636851e-03,9.798508996945280991e-01,1.595587810126117759e-06,6.002983314393329876e-03
2.496445044237592670e-03,6.921806470738606503e-07,2.203390052719553498e-03,3.215734592161298464e-06,3.762836643956580240e-01,1.492617676280822694e-03,2.612356245927927474e-09,6.175199723035085242e-01
5.587112849994673586e-02,4.906458851350038745e-08,6.952367017632967881e-05,1.261818120640478896e-05,2.223933620528823207e-01,5.905580293056039709e-01,4.040105341557384993e-09,1.310952851854904067e-01
9.968757063695751208e-01,8.213343953865695788e-11,2.635990121614811874e-07,1.090183155338197700e-09,1.678168031491386603e-03,1.263602224546145500e-05,5.241444219724542901e-13,1.433224804835259072e-03
8.847188097831807247e-13,2.215045488959489555e-04,1.064281769733760247e-06,6.811317610512364297e-04,6.551680791770816950e-10,1.450800070388428647e-08,9.990962834887402444e-01,7.554892774435099553e-10
9.093317960510718420e-11,9.990309806451607155e-01,5.099202885854667994e-04,2.375604082189488469e-04,5.213691783407353733e-08,8.609495356551305630e-08,2.213282767375640634e-04,7.205849252828090373e-08
1.378551412808107610e-09,4.899844112476835342e-04,3.235390722551441086e-04,9.980017800544697115e-01,9.726130324841956498e-07,2.659062199225240242e-05,1.156074496286946425e-03,1.057352164354960740e-06
3.612774661725863869e-07,7.622396524915748270e-04,9.986365072662339859e-01,1.722910816011526277e-04,1.576752414374152779e-04,3.714791916394964661e-05,8.948300788801996255e-07,2.328827315268915089e-04
1.842718201014533657e-05,1.741064170827456563e-05,3.428072030776439013e-03,1.463380430875111174e-02,7.077827677755917438e-03,9.687690912949727950e-01,4.691301512585891696e-06,6.050675562512773491e-03
1.944205419718915287e-03,7.124414139487747690e-07,2.285102762522347140e-03,3.526977562650221869e-06,3.677600252794324676e-01,1.585484316864051342e-03,2.816893089997164106e-09,6.264209399855925620e-01
3.539021870014883581e-02,5.118356007537025786e-08,6.858200598055426964e-05,1.424325279722374062e-05,1.859908248334122272e-01,6.688102899930704615e-01,4.557746677654545089e-09,1.097257854732838905e-01
9.958695794276504198e-01,1.221415533932660804e-10,3.910880716053885630e-07,1.379155401790472765e-09,2.183930798460783328e-03,1.383691984760903461e-05,6.937007932487077647e-13,1.932260263978855582e-03
4.252534131162317661e-13,1.342691843698437309e-04,5.406254511602231180e-07,3.254788092902138126e-04,3.153988673322302847e-10,6.928032779842470161e-09,9.995397037727385969e-01,3.642932970615257713e-10
1.609350960649115010e-10,9.981551180317396188e-01,8.750978571662613916e-04,5.418598463568221951e-04,9.542013882623435874e-08,1.782881737598250889e-07,4.275194869699359577e-04,1.309085195994241468e-07
1.202852231938702540e-09,3.423030670397845501e-04,2.549397683369018395e-04,9.985589511525576611e-01,8.433157046855743234e-07,2.415107404167656763e-05,8.178957198472552783e-04,9.146996198421773301e-07
1.887477849678474016e-07,3.753611351446209171e-04,9.992298071183339792e-01,1.388533687658185611e-04,9.236387373424960695e-05,2.852933031269977671e-05,5.902761209754914986e-07,1.343061498025425202e-04
1.581602782440980130e-05,2.053394692728272912e-06,6.265435636694029501e-04,1.435507117062839602e-03,4.706304038344075007e-03,9.894442782334765818e-01,4.624547107813637015e-07,3.769035170219287890e-03
2.211509736632779038e-03,5.075909250736945412e-07,1.628755260310289776e-03,2.603853394155828959e-06,3.690869821108171966e-01,1.373517611092096510e-03,2.034598555748905607e-09,6.256961218022297766e-01
1.185001113300498815e-01,4.154040871362489188e-08,6.168863024646788478e-05,1.055437749647440686e-05,2.429031731132408056e-01,4.955851312302986811e-01,3.377178993893433640e-09,1.429392964010801070e-01
9.967334449831389831e-01,8.704675319301825865e-11,2.794013922253771444e-07,1.129878785795797479e-09,1.750772009838410951e-03,1.274604221945157906e-05,5.470236815270660548e-13,1.502756345938371322e-03
4.306666110842260928e-13,1.315779518958314629e-04,5.405538943971380646e-07,3.325206057074929457e-04,3.192783505986567678e-10,7.078863774430185944e-09,9.995353531214931087e-01,3.684363240720700694e-10
1.697946456244423946e-10,9.984394473187189201e-01,9.500497695282071175e-04,3.647950841297147029e-04,9.716577972978089319e-08,1.545708317021056734e-07,2.453216060083458316e-04,1.343152092048505896e-07
1.829019133206909348e-09,1.769174778932318642e-04,2.520673294299942131e-04,9.991890592736221155e-01,1.252250958803820967e-06,4.062899350761318534e-05,3.387363577594301170e-04,1.336487809800224389e-06
1.753839638181460554e-07,3.564853084756379638e-04,9.992557106998055660e-01,1.439161881603437062e-04,8.757689627467173847e-05,2.871705964749000743e-05,5.932590510320981068e-07,1.268252046212882086e-04
2.362155618709249231e-05,1.311715803888749317e-05,3.550441683342613498e-03,7.650028471319058124e-03,9.577847425574303672e-03,9.709105485934145241e-01,2.460279466479379382e-06,8.271934832657042158e-03
1.267365571149225685e-03,9.873702192632717434e-07,3.103129702139139842e-03,5.982327678940542965e-06,3.704905252442269870e-01,2.448135653423172495e-03,4.568060987541963851e-09,6.226838695631022880e-01
4.201011593917392678e-02,4.906079145786851148e-08,6.487584753061540930e-05,1.437951551041079475e-05,1.799054616116644023e-01,6.716902242942501822e-01,4.606754941913963715e-09,1.063148891243240191e-01
9.945122743469618776e-01,1.588893505808360476e-10,5.095838399780804756e-07,1.827744744306991061e-09,2.903211895947078840e-03,1.751023708312160135e-05,9.212501572093439470e-13,2.566491948612672960e-03
4.247562999387593868e-13,1.311896778178031674e-04,5.370513462426119615e-07,3.254252256588367320e-04,3.149857530128350386e-10,6.926717686450736002e-09,9.995428404393006394e-01,3.637484007501116954e-10
6.002243238026023791e-11,9.993729264050843497e-01,3.396496584095934747e-04,1.410097534213186241e-04,3.380257895660766328e-08,5.278337149868516121e-08,1.462805498270299226e-04,4.698728477633847932e-08
9.484931403740246315e-10,2.852985043373287540e-04,1.816088104966867870e-04,9.984575680782515894e-01,6.559696499800754205e-07,2.125726298417943984e-05,1.052905441286716183e-03,7.049845003055314764e-07
1.807303506640177975e-07,5.215136013502771157e-04,9.990423499424231357e-01,1.842597958038400474e-04,9.004352351562136146e-05,3.059568114846541136e-05,8.250301437115676158e-07,1.302316952643152437e-04
2.241842250287703913e-05,2.497267102434902556e-05,5.233456993578859857e-03,1.762055677008616400e-02,9.218629457391123994e-03,9.598019491054623487e-01,5.707509917008789941e-06,8.072309070037241366e-03
2.738714975557963571e-03,5.367813381822719109e-07,1.718764812886340500e-03,2.501327493939159828e-06,3.705516311584541311e-01,1.287830216778045175e-03,2.010343517479109877e-09,6.237000187171477528e-01
8.658461638520079107e-02,4.420381966296889785e-08,6.289573791166720859e-05,1.197055792336956317e-05,2.211762566335904179e-01,5.619645105526525075e-01,3.830946667652052530e-09,1.301997020979548392e-01
9.967491429866615071e-01,8.602054726348559163e-11,2.761428833259179085e-07,1.124244298211262212e-09,1.742598948240628096e-03,1.267179149404254754e-05,5.437156723956189706e-13,1.495308919911855555e-03
7.474805113587988822e-13,2.885144372889319759e-04,1.058514221744762751e-06,5.121535817252642056e-04,5.564761769161853401e-10,1.097022182425319151e-08,9.991982612912961859e-01,6.480224006473927427e-10
5.964513504548419163e-11,9.993562702310087031e-01,3.370902452098684283e-04,1.473271520021258866e-04,3.369539128542267444e-08,5.343502789845474952e-08,1.591783801311121883e-04,4.680158391917989229e-08
2.554362403613347631e-09,1.607275377571974902e-04,2.748662933311619527e-04,9.991587727525064189e-01,1.712230905502240008e-06,6.244681370971633865e-05,3.396635140245914228e-04,1.808303402915476987e-06
1.981472188969314770e-07,3.140184982059105010e-04,9.992760789994249437e-01,1.362993310400873956e-04,9.867069497575217424e-05,3.113799242814042358e-05,5.347694935044765485e-07,1.430615672126654453e-04
2.149514042379646511e-05,5.531823162647875253e-06,1.729055805746291044e-03,3.136728730715144728e-03,7.885216385225997382e-03,9.805839708151978806e-01,1.007936813744405527e-06,6.636993362714545784e-03
1.581258043867007999e-03,1.740391205992868581e-06,5.583742017511260716e-03,7.689240583505679882e-06,3.684876570811417840e-01,2.283550350142418174e-03,6.540208990979168380e-09,6.220543563353390093e-01
3.675434015921255626e-02,5.032086802465060630e-08,6.690785744075800469e-05,1.436577514127857907e-05,1.814819646854544666e-01,6.748040853901101643e-01,4.596156910294976396e-09,1.068782812156156975e-01
9.921904598746704718e-01,2.331494118768437287e-10,7.419772628154645040e-07,2.655984484922585186e-09,4.107426431978347149e-03,2.451596705820932061e-05,1.350301677404764057e-12,3.676852858545985592e-03
1.036237232630883372e-12,2.433691597996617915e-04,1.220870890632328199e-06,8.052053501662878110e-04,7.667185659906906791e-10,1.716336124960999070e-08,9.989501858047760141e-01,8.832513129798905175e-10
5.697363987000097910e-11,9.994055104949112200e-01,3.227478101051253615e-04,1.320365612908378720e-04,3.200303349734500950e-08,4.958368330352823878e-08,1.395789778269603909e-04,4.451217538837012660e-08
1.356327468387922293e-09,2.651171573871464906e-04,2.551373047023919598e-04,9.989115148843373815e-01,9.469100962100953831e-07,2.753983702350336997e-05,5.387201788005813478e-04,1.022371325334429576e-06
2.013191390229654246e-07,3.576200734621721175e-04,9.992327346311020708e-01,1.372178447636127107e-04,9.841844719002665928e-05,2.994347748577172417e-05,5.696448960817479270e-07,1.432945619612313202e-04
1.956397394395490623e-05,8.901240218741723453e-06,2.274344354452291495e-03,6.065111400474342690e-03,7.307810545011794896e-03,9.781469730200408330e-01,1.940374874914903370e-06,6.175355090983184955e-03
3.690080427654762827e-03,4.328275312849807236e-07,1.371296557273564030e-03,2.046670288216893409e-06,3.832178016211435501e-01,1.216012993425072929e-03,1.624964958004210578e-09,6.105023272777184706e-01
5.709198322553974553e-02,4.776339255634307323e-08,6.620539032173421037e-05,1.305973491510192877e-05,2.073565792072833425e-01,6.135572549469364700e-01,4.178144557075286899e-09,1.219148655534663117e-01
9.968803283674569915e-01,8.531118628456507190e-11,2.736038217400291331e-07,1.069258436294526951e-09,1.665135891071700246e-03,1.207043156548986512e-05,5.207147740493762514e-13,1.442190550993590475e-03
1.765473948557571300e-12,3.970125422659203447e-04,2.076332519778542118e-06,1.324958185007051991e-03,1.303594611030376811e-09,2.861604219339336784e-08,9.982759215130809771e-01,1.505723902343681693e-09
6.397528856354363910e-11,9.989435956406815809e-01,3.561150643332487448e-04,2.556718520408069535e-04,3.709952823323611023e-08,6.792077120622096371e-08,4.444611751050787105e-04,5.118356458013222724e-08
1.061420128503931780e-09,1.616999832581263521e-04,1.671044724660484941e-04,9.992461023905948592e-01,7.297175195417585661e-07,2.372707951259787611e-05,3.998552212659788052e-04,7.800739626656304080e-07
1.827848941246942525e-07,3.838155669149755458e-04,9.992171774645014493e-01,1.473415913585569554e-04,9.053005226624810805e-05,2.910749715676583620e-05,6.208758970723264268e-07,1.312241670107482105e-04
2.115515164277159539e-05,8.287593699998867179e-06,2.321365606260073107e-03,5.069059920679137854e-03,8.059221261646444187e-03,9.776947052175398722e-01,1.623048318395709975e-06,6.824582200213354620e-03
2.742713583669206204e-03,7.637785368137271459e-07,2.437226878617118533e-03,3.230519241612921139e-06,3.713951015006622391e-01,1.408659931699722187e-03,2.702457311921542221e-09,6.220123011051159612e-01
5.243887592478807536e-02,4.567244387412536146e-08,5.897990333141547343e-05,1.469237271788635577e-05,1.676349944192834229e-01,6.811963858721755694e-01,4.712574138743117907e-09,9.865602112268564983e-02
9.960539930050394952e-01,1.111801798720434162e-10,3.565823063473781457e-07,1.330170433705242045e-09,2.096529601806024906e-03,1.376012952648519015e-05,6.598619974754778101e-13,1.835359239311150489e-03
