9.864756629937474486e-01,2.240843111800708244e-04,6.012556983556919079e-05,4.322280469532418547e-03,8.764808447964938382e-03,1.530382077395558982e-04
1.199768772087750172e-02,1.108888117257848631e-02,1.491735050480667932e-04,9.635674004496371792e-01,6.357149303420606655e-03,6.839707848438222014e-03
3.197657478789057983e-02,6.376655657107025213e-03,7.427607978801946745e-03,8.319771176253919556e-03,9.407378316477315039e-01,5.161558752214938893e-03
9.809232074196519565e-05,4.364668183261023460e-01,2.474214841353173083e-03,5.138195309439646564e-03,2.690652585798041993e-03,5.531320266165645760e-01
6.470023427635539595e-05,3.916545990792559551e-03,9.826769566791538901e-01,1.548706852247221913e-04,8.118353649237897846e-03,5.068572761314621075e-03
9.716741164714862711e-01,5.694149097363476351e-04,9.049080443332309105e-05,1.420306517240501297e-02,1.308285265608278257e-02,3.800599858561582388e-04
4.725790375311841179e-03,2.185570757456551175e-02,2.306328566169756869e-04,9.533496568315203978e-01,6.386514585541113245e-03,1.345169777644402917e-02
1.393536412757517655e-02,1.028067968491641788e-02,9.009743524211894991e-03,8.887744389280884810e-03,9.494630692377119541e-01,8.423399036303687304e-03
9.785427457240122146e-05,4.291892918359382358e-01,2.486724881908650760e-03,4.903696150830542423e-03,2.744066108863449371e-03,5.605783667478866361e-01
9.522787113594281556e-05,4.204559423313278602e-03,9.784099956994570801e-01,1.856024920469803794e-04,1.172171291887631230e-02,5.382901595170386765e-03
9.850106223096838365e-01,2.692358271666143305e-04,6.389935953416054672e-05,5.089259272263191650e-03,9.383637461564129159e-03,1.833457697880747691e-04
1.134048583719988838e-02,1.731622901377002227e-02,2.646735114776417532e-04,9.500222311307598977e-01,1.034871352479228325e-02,1.070766698200025131e-02
1.130059568908634710e-02,6.487276541465920865e-03,1.113915202643924081e-02,4.758523366077555168e-03,9.607982074418035534e-01,5.516244935127421686e-03
9.431701944185474072e-05,4.026442065099768985e-01,2.654146426963480652e-03,4.537732936291734298e-03,2.758867684998500547e-03,5.873107294223275376e-01
2.019889374497886450e-04,1.403787315129159663e-02,9.425256137107393961e-01,5.691202521005819456e-04,2.475069553828702917e-02,1.791470841013177370e-02
9.873099124340867228e-01,2.210185467740065411e-04,5.459683308497463908e-05,4.250261185584884235e-03,8.013559663750266515e-03,1.506513367192644957e-04
4.434527724742363952e-03,1.103061279917590815e-02,1.279030248774618646e-04,9.733794441508268891e-01,4.233796414609519200e-03,6.793715885767947354e-03
1.913800814083323545e-02,1.479961703551006640e-02,8.969161765760458316e-03,1.485540699367447239e-02,9.304141736815172425e-01,1.182363238270450236e-02
1.223083829630379992e-04,4.991728545312337784e-01,2.174989880016084745e-03,8.058754275491988167e-03,2.768776979941558591e-03,4.877023159503536265e-01
6.309651714458773932e-05,5.074201679770033203e-03,9.800573688768965397e-01,1.748979693314254322e-04,7.900327407111782177e-03,6.730107549745612677e-03
9.870961413827793463e-01,2.307598420069528538e-04,5.365884202133720397e-05,4.572184040548382331e-03,7.890408449794772405e-03,1.568474428492875120e-04
5.785405467662029302e-03,1.109167107366319099e-02,1.389664772352395238e-04,9.711688176824490037e-01,4.979254307865210553e-03,6.835884991125294220e-03
2.516219448951468457e-02,5.428854471355370852e-03,8.317666540894989857e-03,6.121202010553582380e-03,9.504971612921887525e-01,4.472921195492623320e-03
1.862079304148608254e-04,5.829620015777470243e-01,2.150237097684453130e-03,1.092819775618235519e-02,3.975916975733210720e-03,3.997974386622382692e-01
6.011225169878352275e-05,6.497623446259517301e-03,9.768717604469461246e-01,1.930825591548583121e-04,7.527910522370918726e-03,8.849510773569997657e-03
9.795587382144812505e-01,3.862836758693318157e-04,7.997299571873123486e-05,8.099739869185483901e-03,1.161373757269251739e-02,2.615276720527891837e-04
4.061328342594680389e-03,1.165200512620433344e-02,1.326134439552000617e-04,9.727544080213683664e-01,4.223971338811862222e-03,7.175673727065547992e-03
1.085432327656191305e-02,5.586826705663419657e-03,6.703150138966545470e-03,4.934662607409676625e-03,9.672994527271590037e-01,4.621584544239390295e-03
9.612582741300367765e-05,3.851211098550693102e-01,4.842939790399555799e-03,4.462367294578101565e-03,3.236360312268294747e-03,6.022410969202719455e-01
1.414573697571392113e-04,9.706800119093408549e-03,9.598545647531733227e-01,3.812464757785214136e-04,1.739065444192266705e-02,1.252527684027490359e-02
9.846167906567517836e-01,2.764007878436248078e-04,5.940645773403416139e-05,6.156743094855322493e-03,8.704138470623710294e-03,1.865205321914665377e-04
4.572558185601430930e-03,3.675850471841222294e-02,3.401429586949307167e-04,9.277879386092235947e-01,7.909210647506789357e-03,2.263164488056110257e-02
1.987723435472083661e-02,1.043832981896575252e-02,7.354786286870448712e-03,1.159770069708952051e-02,9.424024912921540320e-01,8.329457550199448682e-03
9.995169405156583179e-05,3.774008616150117401e-01,7.131831186806989083e-03,4.269812365097316528e-03,3.750308103476248777e-03,6.073472350355562099e-01
1.606542090648295593e-04,5.180500406683412849e-03,9.684038944679693728e-01,2.674379231282272688e-04,1.952268975435421730e-02,6.464823238799894539e-03
9.859006493981410379e-01,2.489136941903447682e-04,5.350405964708992838e-05,5.761298496507999412e-03,7.867784993017327283e-03,1.678493584960225255e-04
4.715131295789083340e-03,1.963743308969462253e-02,2.179634602528698602e-04,9.570403655021744171e-01,6.291884256292584569e-03,1.209722239579644372e-02
7.839403151330272962e-03,7.941512461054268945e-03,1.342476898446868898e-02,4.607339841442813222e-03,9.593484673705060528e-01,6.838508191197913491e-03
1.684271270108580944e-04,5.255478921466183451e-01,2.135918052744638189e-03,1.291473334320441917e-02,3.233973034795629715e-03,4.559990562956262594e-01
8.311920759846091143e-05,4.648116194368207173e-03,9.786891716916915618e-01,1.926687701882332372e-04,1.042516812657420452e-02,5.961756009579204096e-03
9.867154658374461818e-01,2.325238779431825051e-04,5.376290384503880951e-05,4.942672336043444324e-03,7.897992455156190028e-03,1.575825895661271160e-04
6.896189312355975772e-03,1.676989325524831306e-02,2.111462432244920885e-04,9.586920792670037272e-01,7.092198368372490576e-03,1.033849355379495329e-02
9.567890030450857883e-03,8.015058490313999723e-03,1.892893433902060815e-02,4.491173733681162045e-03,9.519745404339855499e-01,7.022402972547817090e-03
1.791004714191651143e-04,6.024807747977700689e-01,2.351156966089013121e-03,8.819281392310120149e-03,4.296408926963537003e-03,3.818732774454479673e-01
5.326691088897260852e-05,4.686585139822493050e-03,9.820417188170224021e-01,1.439997432413629198e-04,6.679254838210125361e-03,6.395174550814592719e-03
9.869682180511422098e-01,2.260651423371699484e-04,5.758695200043083967e-05,4.144906772553563941e-03,8.448737222329102611e-03,1.544858596375330007e-04
8.587938004396934027e-03,1.255243332531736852e-02,1.800089130246845315e-04,9.638497400584260522e-01,7.082819463528287549e-03,7.747060235306803613e-03
2.701163474937551962e-02,7.446391617746172913e-03,6.414872938502051529e-03,9.829254838275626807e-03,9.433559132022529825e-01,5.941932653847598923e-03
2.710898707213894865e-04,6.039412205427588942e-01,2.544724724562613411e-03,1.405670973596801106e-02,5.803393829630081220e-03,3.733828612963588922e-01
8.756695727901874404e-05,9.858672900560656177e-03,9.656910520038551882e-01,2.976460316812626914e-04,1.075851445274432841e-02,1.330654765387967974e-02
9.834099910179278092e-01,2.915262101479591610e-04,7.422649239171239530e-05,5.146416352633748602e-03,1.087841681070549939e-02,1.994231161932511788e-04
4.306798342937439433e-03,2.150212963800221186e-02,1.779250070051526173e-04,9.561833802056938225e-01,4.536998848842737839e-03,1.329276795751874532e-02
7.898091095861248939e-03,8.559120013400116009e-03,1.661831114851441624e-02,4.592885091354218137e-03,9.548763868340898187e-01,7.455205816780143858e-03
1.003385949192457709e-04,3.830983439451995376e-01,4.686854501708293680e-03,4.339312497916135956e-03,3.438683325928066758e-03,6.043364671343286476e-01
9.493368244948724194e-05,9.020432136723415678e-03,9.668621856520672742e-01,2.987260233706435543e-04,1.172213044437889033e-02,1.200159206101044339e-02
9.839285886788916580e-01,2.990114358328384747e-04,5.870125477769899832e-05,6.885742060642560669e-03,8.626750866505501769e-03,2.012057033498404826e-04
5.919605706006646033e-03,1.660172785956316038e-02,1.453911212923886536e-04,9.627462219891920192e-01,4.315137575622946149e-03,1.027191574832286847e-02
2.155575532557878204e-02,1.626174433615900500e-02,1.099468661840029456e-02,1.575192906302434401e-02,9.223865073305757001e-01,1.304937732626196625e-02
1.323857478143676135e-04,3.901555905193583307e-01,6.692421955168828193e-03,4.651612107915303711e-03,5.052268958234007283e-03,5.933157207115091758e-01
1.113294746409237095e-04,4.668222217904281941e-03,9.752597945101414423e-01,2.174306803382736566e-04,1.385062733643438980e-02,5.892595780540806072e-03
9.873281985310065068e-01,2.214564131981219331e-04,5.434001456313158933e-05,4.266510527225188254e-03,7.978592948859660611e-03,1.509015651473452331e-04
5.276549500550982777e-03,1.545154656967085739e-02,1.895370767463102192e-04,9.634511724200580662e-01,6.110812590400662575e-03,9.520381842573172326e-03
1.230211728178635076e-02,6.106027004967882858e-03,7.298138890465236291e-03,5.488445212326795684e-03,9.637632772205484422e-01,5.041994389905275764e-03
9.692472786590102397e-05,3.776645192274409868e-01,4.481130851794779511e-03,4.238734940619086171e-03,3.298604318618693181e-03,6.102200859336606165e-01
8.684910798014803819e-05,3.492817981356918094e-03,9.812932751276627341e-01,1.474689798287772964e-04,1.042585110329886933e-02,4.553737699872558754e-03
9.873207679570439321e-01,2.239042870197106546e-04,5.522428734137416970e-05,4.133524144373882173e-03,8.113737270268048599e-03,1.528420539530245140e-04
8.342089568523183840e-03,2.837852630690410743e-02,3.944853689980736618e-04,9.327365924028261368e-01,1.258719049853378874e-02,1.756111585421471152e-02
8.206010154472902912e-03,7.824892872217294876e-03,1.457372076330729592e-02,4.501353386972667923e-03,9.581192525815317440e-01,6.774770241498024106e-03
9.290376944316796834e-05,4.056804087638931078e-01,2.828203499428428788e-03,4.700346866385068934e-03,2.703345754549389343e-03,5.839947913463009455e-01
5.981370838637042799e-05,3.572913316463517761e-03,9.840941559072887701e-01,1.406208597730101029e-04,7.496656741116153669e-03,4.635839466972125136e-03
9.807456416727192705e-01,3.176449479711923314e-04,9.098834200103829211e-05,5.740183201040549056e-03,1.288713395312991034e-02,2.184078831380486911e-04
5.474427188230859311e-03,1.119545226305658329e-02,1.386772294929815037e-04,9.714097002025439132e-01,4.881466016752292365e-03,6.900277099923387072e-03
8.515334319000105248e-03,5.821760780543298007e-03,7.488065696575430495e-03,4.435445168742463244e-03,9.688678559078393038e-01,4.871538127299490303e-03
1.002536165671071613e-04,3.867360282512292136e-01,5.032698356524333005e-03,4.442980927822037102e-03,3.447042374885270818e-03,6.002409964729720215e-01
9.008750608163508804e-05,5.626233633023431865e-03,9.755130933356297440e-01,2.247117937837477680e-04,1.129797661029207333e-02,7.247897121189434029e-03
9.708578612413479858e-01,4.325040712600753735e-04,1.573961255594616133e-04,5.724591971362185359e-03,2.252519495086528073e-02,3.024516396050608313e-04
4.597201655164387564e-03,2.454037936585141619e-02,2.360689237649681146e-04,9.493351683325060852e-01,6.133297229081275011e-03,1.515788449363185235e-02
8.100114179682104537e-03,7.419119215725466197e-03,1.345615823302134285e-02,4.383357525910197387e-03,9.602381927087467739e-01,6.403058136914182782e-03
9.942855704727349944e-05,4.174309933052819388e-01,2.826989575834257251e-03,4.940659095531871499e-03,2.865112132581437536e-03,5.718368173337232685e-01
1.670414955278573966e-04,6.202832060207278536e-03,9.648474138574997250e-01,3.128545665966884549e-04,2.075824590796019817e-02,7.711612112208193759e-03
9.625169090219922730e-01,7.805405224028187346e-04,1.366482648141443103e-04,1.645407268056321357e-02,1.958592950084291420e-02,5.259000093846250652e-04
4.750615747851192130e-03,1.274305452187789178e-02,1.315072184532610955e-04,9.703787525982381368e-01,4.151184573995197330e-03,7.844885339584356521e-03
1.380165061425873453e-02,6.256320326349242879e-03,6.817030238943157759e-03,6.069818335734632198e-03,9.619307739734621610e-01,5.124406511252093364e-03
9.326456523264518741e-05,4.054132305038996575e-01,2.856109172305351315e-03,4.675087848721558824e-03,2.729764560529249727e-03,5.842325433493114062e-01
6.003627033673722082e-05,3.559065041513707981e-03,9.840778711024245062e-01,1.290647925935483253e-04,7.442316492639540308e-03,4.731646300491881320e-03
9.701990555133869210e-01,5.233580729990310000e-04,1.427505808814285432e-04,8.202163494406370173e-03,2.057253897644793078e-02,3.601333618780788292e-04
8.222725264753040844e-03,2.697157747112857024e-02,3.570833993849644003e-04,9.365675174203397235e-01,1.121603572181965880e-02,1.666506072257416954e-02
3.003826825625032643e-02,6.502897022173532646e-03,6.631012178958526314e-03,8.728071153596994938e-03,9.428806290805394896e-01,5.219122308481231529e-03
9.363137536067182398e-05,4.027867518795454349e-01,2.692998615027572540e-03,4.563052110140321076e-03,2.736489919552314871e-03,5.871270761003736238e-01
7.338815507810305143e-05,3.806637595900893602e-03,9.819324770520285739e-01,1.549307348466948966e-04,9.103537955326828149e-03,4.929028506819024477e-03
9.863699195661855823e-01,2.383941639432186552e-04,5.380637924110528867e-05,5.274028704641051286e-03,7.902588355660758110e-03,1.612628303282482038e-04
6.729270271723349420e-03,1.114329780558123706e-02,1.421084084011728810e-04,9.698320612320804335e-01,5.283583322870192070e-03,6.869678959343516675e-03
4.442858560274124541e-02,6.799908012237769299e-03,7.217469888443645704e-03,1.021601356684197909e-02,9.258937614353296430e-01,5.444261494405698391e-03
1.561344797466376725e-04,5.958104990244991184e-01,2.024330971202078361e-03,8.692324351125216980e-03,3.530701438480518626e-03,3.897860097349463149e-01
5.333883356919816684e-05,3.854668519035843715e-03,9.841507821144926949e-01,1.352517810446944926e-04,6.691117865054180963e-03,5.114840886803379699e-03
9.867498737128945763e-01,2.237960548936859882e-04,5.771521902757360372e-05,4.380514531500008350e-03,8.435435485845795694e-03,1.526649958384402477e-04
5.785197313321732010e-03,1.228319001076916446e-02,1.542590275229014534e-04,9.688065811375250469e-01,5.393180579252551329e-03,7.577591931608653776e-03
7.974018069929613567e-03,6.447315941055718064e-03,1.001935027281953237e-02,4.250266546400246169e-03,9.658201647982107563e-01,5.488884371584241972e-03
9.423668938575790826e-05,4.025290712991781983e-01,2.697766329101619967e-03,4.547448767460183887e-03,2.763654794456405113e-03,5.873678221204178262e-01
1.354419713900156862e-04,1.853429639643501894e-02,9.393850358979970450e-01,5.455962736002383569e-04,1.646129967399362001e-02,2.493832978658404656e-02
9.846304918970325559e-01,2.381569308901879329e-04,7.259246938486085300e-05,4.550120205569536599e-03,1.034515342054498181e-02,1.634850765780011535e-04
1.866154037135034707e-02,1.168289758731053986e-02,1.902870628853761898e-04,9.530374825342002865e-01,9.209466120181773741e-03,7.218326324071492467e-03
1.237166998999320554e-02,7.293731391542279847e-03,6.973011871374982899e-03,6.694554130249294986e-03,9.606998418716451438e-01,5.967190745195057391e-03
9.896720923979068513e-05,3.997959575957854006e-01,3.664244853428772191e-03,4.783668655807980438e-03,3.057652420966262396e-03,5.885995092647717808e-01
7.834117870439733671e-05,3.509848797272808844e-03,9.821519905576873155e-01,1.439927994867395197e-04,9.540618438146693248e-03,4.575208228702076253e-03
9.850442836584158979e-01,2.586697385916531151e-04,5.989727075191500759e-05,5.722743488777905924e-03,8.739469208594479940e-03,1.749366348682981714e-04
4.206350184657488278e-03,1.224613536929240395e-02,1.419456351459623920e-04,9.713371064061963045e-01,4.525140339443602978e-03,7.543322065264167209e-03
7.687964808925176231e-03,1.353166717131163398e-02,2.173032122451325210e-02,6.241259248969835069e-03,9.389956926576743523e-01,1.181309488860571820e-02
1.526666065747578750e-04,5.385357505015359036e-01,2.049059946233249951e-03,1.034922654894275193e-02,3.170663675140124142e-03,4.457426327215732731e-01
7.804786534027422895e-05,8.287579324366429329e-03,9.705343845537340863e-01,2.587588392297867843e-04,9.724922512484806755e-03,1.111630690484468990e-02
9.805495733637710210e-01,3.442997792737164157e-04,8.801845860483055342e-05,5.886610876668463971e-03,1.289568123389117811e-02,2.358162877906726067e-04
5.183447001914059070e-03,2.459183059027992418e-02,2.249297527158901746e-04,9.489510196848802703e-01,5.868025202753577620e-03,1.518074776745638454e-02
1.016151634612380908e-02,5.393964216630507159e-03,7.045191135127738119e-03,4.543290051664546081e-03,9.683652370360992245e-01,4.490801214354294725e-03
3.082793140999499958e-04,5.870920965509727196e-01,2.491629269818269269e-03,1.794693824642969171e-02,5.951996789254850907e-03,3.862090598294243837e-01
8.558805308622998635e-05,5.839113417306521746e-03,9.755493239342851730e-01,2.243027026606150040e-04,1.073439149574810687e-02,7.567280396913262687e-03
9.863153081383632115e-01,2.211284828649589965e-04,5.994068330428614449e-05,4.553775329702108854e-03,8.699109264080991458e-03,1.507381016844372434e-04
1.766004288726892579e-02,1.691527947402837739e-02,2.870940838197522452e-04,9.420325587684789115e-01,1.262364006123059199e-02,1.048138472517349054e-02
1.231128192302427884e-02,1.519010898314836037e-02,2.055077793467078445e-02,8.805335313447478982e-03,9.301817479041903924e-01,1.296074794151877950e-02
9.250514422086022592e-05,3.839291983992984547e-01,2.988103956612315603e-03,4.305662181809762588e-03,2.833770589139704248e-03,6.058507597289188862e-01
5.834733791406129094e-05,4.300630856541275138e-03,9.824696879183690834e-01,1.472924959486616265e-04,7.287873829072808070e-03,5.736167562154030272e-03
9.757947371773756373e-01,4.549290589355644036e-04,1.023578939035359457e-04,8.554610082461082052e-03,1.478329608333646752e-02,3.100697039878135756e-04
4.745381182185286727e-03,1.588358405903694121e-02,1.858535543016149000e-04,9.636612352501751078e-01,5.738934162824814618e-03,9.785011791476182913e-03
8.002447718805148422e-03,1.357738434467648490e-02,1.818560022340072468e-02,6.782672132272184531e-03,9.417374569876952872e-01,1.171443859315022921e-02
9.193114233873435706e-05,3.971763471747625229e-01,3.631659178108640005e-03,4.664209143071787814e-03,2.831363603799990410e-03,5.916044897579183504e-01
5.751840010271512652e-05,3.391723718518857827e-03,9.847939206055692507e-01,1.296214941256672336e-04,7.185390735468371801e-03,4.441825046215022200e-03
9.697796169882740847e-01,5.950694814064297388e-04,1.230441557815874958e-04,1.137416066623216614e-02,1.772373438929360223e-02,4.043743190119519337e-04
1.012813909042845073e-02,2.103623990484762563e-02,2.611101773771997325e-04,9.467021133608888306e-01,8.752326216571622991e-03,1.312007124988625283e-02
7.823858646663356051e-03,8.261067956343475308e-03,1.060148020219862409e-02,5.207009496748882769e-03,9.611072133451109556e-01,6.999370352934764297e-03
9.517374069327496212e-05,4.128934349765097656e-01,2.590680611055910885e-03,4.690521360752291334e-03,2.732587957152857704e-03,5.769976013538358206e-01
5.699516107931789250e-05,3.864772430318513721e-03,9.836624632295962734e-01,1.319034666535479983e-04,7.091218309332195970e-03,5.192647403020209974e-03
9.744687321798465307e-01,4.726769056812785618e-04,1.133719032091493815e-04,7.998448330676203449e-03,1.662313742646541470e-02,3.236332541214549273e-04
4.859946534195074865e-03,2.658623568253303329e-02,2.794801157680257275e-04,9.444866790208742424e-01,7.421417136460066802e-03,1.636624151016961848e-02
7.960299764099527248e-03,1.056262041579404849e-02,1.836046650896261054e-02,5.391062959599546810e-03,9.485433370357706506e-01,9.182213315773599810e-03
1.674752776850170076e-04,5.514553321307311684e-01,1.963156222191383971e-03,1.172741343903934905e-02,3.307210440836682360e-03,4.313794124895164450e-01
1.323953008480904673e-04,4.474647851122037431e-03,9.735968625246582686e-01,2.189577178478070328e-04,1.593764844871976491e-02,5.639488156804077328e-03
9.658080293903276159e-01,6.916637468725384463e-04,1.356450295994717924e-04,1.328171657073382722e-02,1.961395572135847878e-02,4.689895411081950404e-04
1.544676914048935881e-02,1.219407980855253572e-02,1.745511515070971272e-04,9.569095756596495139e-01,7.730385904421406898e-03,7.544638335380125793e-03
7.963187261783641682e-03,1.124274210301085680e-02,1.809082754318375522e-02,5.725917377385142740e-03,9.472129777562651176e-01,9.764347958371442579e-03
9.351800519955032545e-05,3.983773439234009062e-01,2.701897296597548150e-03,4.501812877846244482e-03,2.750553504560579714e-03,5.915748743923952002e-01
6.383014230454396620e-05,7.923755806134368668e-03,9.729062831828433344e-01,2.200523530188845374e-04,7.945605258778951074e-03,1.094047325691992721e-02
9.797743239566227835e-01,3.784991790229170648e-04,8.461224571894236765e-05,7.114985639184168154e-03,1.238991146207248963e-02,2.576675173786412837e-04
7.830897546992789462e-03,1.156419756149897234e-02,1.271917854688536104e-04,9.686868260253087559e-01,4.670876745243654135e-03,7.120010335486949386e-03
8.588227419581326641e-03,2.150029855665073694e-02,3.029116817432212991e-02,8.800011402449015030e-03,9.119947684199611881e-01,1.882552602703566752e-02
1.914264939541165890e-04,5.591154362379161524e-01,2.854411244692045546e-03,9.068714395227392769e-03,4.807518073316701009e-03,4.239624935548936824e-01
7.049281642451680683e-05,6.008946258049668691e-03,9.769430802316315665e-01,2.013897778527131007e-04,8.783141336910854635e-03,7.992949579130857046e-03
9.698710500837246506e-01,5.527005972886777632e-04,1.377707619092992191e-04,8.826597799910750747e-03,2.023263617534020245e-02,3.792445818265036323e-04
1.073304629616030244e-02,1.094812933582217825e-02,1.501036111086126977e-04,9.651086887583880669e-01,6.310865921250568590e-03,6.749166077270327309e-03
8.082471812988836768e-03,6.878133950399680646e-03,1.157211861681064699e-02,4.309462025114076632e-03,9.632657776511907022e-01,5.892035943496055916e-03
1.945082743286721935e-04,4.704614757591898400e-01,4.858472884013678196e-03,7.639085432411714394e-03,5.936386442559302666e-03,5.109100712074968742e-01
5.336884497557785084e-05,4.566996460713487575e-03,9.823292993523224936e-01,1.421112263014617230e-04,6.689376873458771806e-03,6.218847242228231834e-03
9.863230638721631749e-01,2.454643075838860750e-04,5.885177334670366081e-05,4.550876939469881803e-03,8.654346433956197626e-03,1.673966734802006932e-04
1.290276548178971930e-02,1.520081210942064373e-02,2.370430398420185058e-04,9.523968274947036683e-01,9.866298389165521765e-03,9.396253485078361403e-03
7.441891072124691593e-03,1.727015452533307155e-02,3.805836574623150392e-02,6.326667650618394458e-03,9.153457508437197188e-01,1.555717016197262839e-02
1.772033472780121645e-04,4.847977969941755227e-01,4.186191217557519439e-03,6.681715061337242106e-03,5.544620412358005485e-03,4.986124729672936629e-01
7.176495169995396415e-05,4.139797712737694133e-03,9.812946106431837956e-01,1.663337521925183494e-04,8.982038251344161978e-03,5.345454688841883191e-03
9.848577154865088001e-01,2.790472222136531721e-04,6.060524525437710968e-05,5.708754034104069307e-03,8.904729153514064424e-03,1.891488584050796693e-04
4.865443528150566362e-03,1.093149321804668707e-02,1.293079643970097337e-04,9.729370912544711425e-01,4.405150873800561459e-03,6.731513161134060688e-03
9.114812170419759815e-03,8.015741512648855496e-03,1.875233359904245403e-02,4.414882747161007724e-03,9.526763898594640123e-01,7.025840111264020776e-03
3.067638377490075792e-04,6.003110446898556329e-01,2.287753129889335407e-03,1.870739776663939841e-02,5.710831625186157598e-03,3.726762089506804876e-01
1.487343112438724475e-04,8.598862988213834199e-03,9.614386248852822003e-01,3.666944782934796203e-04,1.855158246232459576e-02,1.089550087464206951e-02
9.849471603430304256e-01,2.353653319856539947e-04,6.977552079067467943e-05,4.593055721204577363e-03,9.993590677066096009e-03,1.610524059225947882e-04
4.449562212764932197e-03,1.415073289130728412e-02,1.638237040171561297e-04,9.674084621897621750e-01,5.109774908516599712e-03,8.717644093631781235e-03
1.297959062382146762e-02,6.664335317420814857e-03,1.125741990679276529e-02,5.159875190700245924e-03,9.583100256160829167e-01,5.628753345181821723e-03
9.915952672264980729e-05,3.977016099710692365e-01,3.106685126018422782e-03,4.509111094537388877e-03,3.047461653382424994e-03,5.915359726282697350e-01
6.914082556027105649e-05,3.351160985932975182e-03,9.835569783888588047e-01,1.336491624214592919e-04,8.502561764317259282e-03,4.386508872909225705e-03
9.823222469964594250e-01,2.640202419708471233e-04,8.965668913350108803e-05,4.525967212488706849e-03,1.261584907722105783e-02,1.822597827262916500e-04
3.907399903457433633e-03,4.334455686472938468e-02,3.143367009613982129e-04,9.193488643735953092e-01,6.276587495639947625e-03,2.680825466161651516e-02
8.736663875569636306e-03,5.463288152730077889e-03,7.713918658797834157e-03,4.166364031066915191e-03,9.693294500072399122e-01,4.590315274595615537e-03
1.001937314736971727e-04,4.375621703695715126e-01,2.448534358185091003e-03,4.961351819697661439e-03,2.799159768691916825e-03,5.521285899523801222e-01
1.484855039240463566e-04,1.179073830730697353e-02,9.539561807127060478e-01,4.435473208566206513e-04,1.842976936960656967e-02,1.523127878559961922e-02
9.874187271931841314e-01,2.209881126029441731e-04,5.455690331888920987e-05,4.141950881753142001e-03,8.013010124387901986e-03,1.507667847530218285e-04
5.443542122312461373e-03,1.288405070706896867e-02,1.577925739514530925e-04,9.682230954196396899e-01,5.342908215803729433e-03,7.948610961223618113e-03
9.497354334030294262e-03,6.248493289535575999e-03,6.767487928718460624e-03,5.187699976266713781e-03,9.671319054375394630e-01,5.167059033909589434e-03
1.731258074125521752e-04,4.022197041325226152e-01,1.034336705562205645e-02,5.427583464628177659e-03,7.095827048017339968e-03,5.747403924917973139e-01
7.910652661429221023e-05,3.528658101562689303e-03,9.819821823004117878e-01,1.482437235689346101e-04,9.683919964789802770e-03,4.577889383052410888e-03
9.852815360287161539e-01,2.511865698610525827e-04,6.527602406591232495e-05,4.705383659567237246e-03,9.525089972215768433e-03,1.715277455739508980e-04
1.001143116604847304e-02,1.082818308493290090e-02,1.419673520560277540e-04,9.665160133899920458e-01,5.830930031638359261e-03,6.671474975332069603e-03
1.413150096880224499e-02,7.367336588925477332e-03,6.700046545918436625e-03,7.288406878305926997e-03,9.585266165911887626e-01,5.986092426859177494e-03
1.173972520288470525e-04,4.870323940391761974e-01,2.319754481942516537e-03,6.826838133099195731e-03,2.883714733006685193e-03,5.008199013607466110e-01
6.418510212446925062e-05,4.023573516873489228e-03,9.824835018444560975e-01,1.537905712449457720e-04,8.029338833661229038e-03,5.245610131639733345e-03
9.861599317993731129e-01,2.410334110997012992e-04,5.677905498036603052e-05,5.057381625847639020e-03,8.321415378058038409e-03,1.634587306412084299e-04
1.289306910731982669e-02,1.685165225984816550e-02,2.587262070469773033e-04,9.491179661765837272e-01,1.040633716281346918e-02,1.047224908638780261e-02
2.160069393929171105e-02,1.210427052956490265e-02,7.987066850491350220e-03,1.348219651232600985e-02,9.351714258720053019e-01,9.654346296320731255e-03
9.216469419652949138e-05,3.929406576457875055e-01,2.975179639331874872e-03,4.455431388599560664e-03,2.775171585649430315e-03,5.967613950464351058e-01
2.870251909503047732e-04,1.349598062883887624e-02,9.329191491624617694e-01,6.639386773843338309e-04,3.602236622732082200e-02,1.661154011304378023e-02
9.873197049406700065e-01,2.220030705354118707e-04,5.409072495584506902e-05,4.309679273956450694e-03,7.943319953007748138e-03,1.512020368744011224e-04
4.302205279189056340e-03,4.667552635104011555e-02,3.820771074622954992e-04,9.119479821576280676e-01,7.932431199689641763e-03,2.875977790499081865e-02
9.440640491194423820e-03,6.083353875313004047e-03,1.106183188250900798e-02,4.165129840135625185e-03,9.640485069518250905e-01,5.200536959022740088e-03
2.304487176047814105e-04,5.207769121411788271e-01,4.262266733620219926e-03,8.751120319300347700e-03,6.750356698675694447e-03,4.592288953896201398e-01
5.371614255329722242e-05,5.167182596222651310e-03,9.808093612101558278e-01,1.544453454445953355e-04,6.740676407546730003e-03,7.074618298076959348e-03
9.837027536860526444e-01,2.625158644741132277e-04,7.891594708333533957e-05,4.319666963920464064e-03,1.145515871091025602e-02,1.809888275589837249e-04
4.508594896830767085e-03,2.964492351517330690e-02,2.430039624645583733e-04,9.415134137448686324e-01,5.698206354905284779e-03,1.839185752575754271e-02
2.779036506139236432e-02,5.470331446404430933e-03,1.260164084512306951e-02,5.456381192262282215e-03,9.440753600440894289e-01,4.605921410728559470e-03
9.491985305523315886e-05,4.095329295377700962e-01,2.594722137528364826e-03,4.634327832812616330e-03,2.739502033956167735e-03,5.804035986048776685e-01
1.703161302625950360e-04,7.526868325423529196e-03,9.612080900282653495e-01,3.601279888586642400e-04,2.134337874352645881e-02,9.391218783663281625e-03
9.860327613944761538e-01,2.389370311654271382e-04,6.327801868475963105e-05,4.234896864738282862e-03,9.266411634008151973e-03,1.637150569272833765e-04
4.098281040289626295e-03,1.091156778835053812e-02,1.277734920240225155e-04,9.739697623059965226e-01,4.172164472309967086e-03,6.720450901029436167e-03
8.301711749304253873e-03,1.600288811605393019e-02,1.865826518264120798e-02,7.916976967170670856e-03,9.353897347110750049e-01,1.373042327375505189e-02
1.117108377834136196e-04,3.954670741196507078e-01,5.259127558368013010e-03,4.685411311102923373e-03,3.872712903737546546e-03,5.906039632693573793e-01
5.367782651103699391e-05,3.434716045457943383e-03,9.851571945602556335e-01,1.294588700404055175e-04,6.730565376441172490e-03,4.494387321293783107e-03
9.789994667397508010e-01,2.920506014566613554e-04,1.156590935137391361e-04,4.284092599105201842e-03,1.610475279223273423e-02,2.039781739409215935e-04
1.967810337443613375e-02,1.989478937066408923e-02,3.664597567360131222e-04,9.314216311966061479e-01,1.627831000563483357e-02,1.236070629592284087e-02
2.303346847416380683e-02,5.900627400833823033e-03,8.695216564053106709e-03,6.344424703647059439e-03,9.511648416946412166e-01,4.861421162660875539e-03
9.734330544048347249e-05,3.979605419085317508e-01,3.026958413542401010e-03,4.574993543095301658e-03,2.937976341425368142e-03,5.914021864879647206e-01
5.363375250578527714e-05,4.938030218774645472e-03,9.813748060802187645e-01,1.489115152659134034e-04,6.723957135060668402e-03,6.760661298174207821e-03
9.857970728201508326e-01,2.263954264537083687e-04,6.039846404998579541e-05,5.035709243002419594e-03,8.726579081182206724e-03,1.538449651608213948e-04
4.728559648242898830e-03,1.204058940148900608e-02,1.462815398226306924e-04,9.707977882960514560e-01,4.869702341632349205e-03,7.417078772761531540e-03
1.967445532645098819e-02,6.649686212615849544e-03,6.937523936341553898e-03,7.408842522712399091e-03,9.539264739030476337e-01,5.403018098831491485e-03
1.259899238191583136e-04,4.216301801350775813e-01,5.676341171809276553e-03,5.943680430593289120e-03,4.040434745284661108e-03,5.625833735934160362e-01
7.713646158102718581e-05,4.802741965338879274e-03,9.790445446613508240e-01,1.902378223009940355e-04,9.683867252308915596e-03,6.201471837119333121e-03
9.864989110491447777e-01,2.351049768027245121e-04,5.446023968513976786e-05,5.061655538876756559e-03,7.990537625917852951e-03,1.593305695725142420e-04
4.953210213710579173e-03,1.621339408407723379e-02,1.914598430199808605e-04,9.627028677665531164e-01,5.953048517891867258e-03,9.986019574747241612e-03
1.541007419036437634e-02,6.010821712540827082e-03,6.639005760069864592e-03,6.164162111311148606e-03,9.608625484266584138e-01,4.913387799055432895e-03
2.516351682697710000e-04,6.011929628005845405e-01,2.503975147488863000e-03,1.314084336681773345e-02,5.451890444323236225e-03,3.774586930725158940e-01
6.073409879994673096e-05,4.211012863956710948e-03,9.823966205907769256e-01,1.410329555749180225e-04,7.517133714183847105e-03,5.673465776707752733e-03
9.828088654743952768e-01,3.045675753870267610e-04,6.059912872128133527e-05,7.788919443566461390e-03,8.833055735001238071e-03,2.039926429286500239e-04
4.221675496970046966e-03,2.658419439975264614e-02,2.401174683779091893e-04,9.466440939939121391e-01,5.908643499860398614e-03,1.640127514112675600e-02
1.624873463907018298e-02,5.817776245572649219e-03,6.848413034076303654e-03,6.010584330680126749e-03,9.603078857143542146e-01,4.766606036246519296e-03
1.151670408266395988e-04,5.013474247755018709e-01,2.339893393810470353e-03,5.664614180491717166e-03,3.087046981550073399e-03,4.874458536278192256e-01
1.705824080812515578e-04,1.027171846648247330e-02,9.549555368128875843e-01,4.353636450683596483e-04,2.116602400648125507e-02,1.300077466099901734e-02
9.676035637501437803e-01,6.565104728224721619e-04,9.621158223046379695e-05,1.736601844765953834e-02,1.384155687552207810e-02,4.361388716217194932e-04
1.007636782300232528e-02,2.471002428501393663e-02,3.603129243462888033e-04,9.371456126483818094e-01,1.241590225246120421e-02,1.529178006679443938e-02
7.826733879250537609e-03,7.462622588162578022e-03,1.196571224369555493e-02,4.528696018772621068e-03,9.618187625128284957e-01,6.397472757290187557e-03
1.410487232038121392e-04,4.024440568188204503e-01,6.560576336320040648e-03,5.121517721856307277e-03,5.169141985051510339e-03,5.805636584147478851e-01
5.719987414452735802e-05,3.480674981672730959e-03,9.846311787970254414e-01,1.355510721202618605e-04,7.170370848157049497e-03,4.525024426880012128e-03
9.867470156948759952e-01,2.342991469417512345e-04,5.351920392539276041e-05,4.939880419375580062e-03,7.866472781223354457e-03,1.588127536580787177e-04
1.109202979131092802e-02,1.995893432745156695e-02,2.818539483431553474e-04,9.460166044806671559e-01,1.022594732778131683e-02,1.242463012444590398e-02
1.248441748907366117e-02,7.064482073344933825e-03,6.731084125018375018e-03,6.610775502635524506e-03,9.613403042512337349e-01,5.768936558693813117e-03
1.082897190377802779e-04,4.480323552797070286e-01,2.649520006804780958e-03,5.551326803619042495e-03,2.966395316222981103e-03,5.406921128746083882e-01
5.360468063963135042e-05,5.438960654022616074e-03,9.801358577022414309e-01,1.581761707099273932e-04,6.729771316304429540e-03,7.483629476081913798e-03
9.699033463066184524e-01,6.078731954274600073e-04,1.150988891430589859e-04,1.216815899398341651e-02,1.679478416298507346e-02,4.107384518424354934e-04
5.949671416726738313e-03,1.870636864809785069e-02,2.032087256699669571e-04,9.574042817747717704e-01,6.153903957546140099e-03,1.158256547718771075e-02
1.570215479162436270e-02,5.881355593649524940e-03,6.776965608422151448e-03,6.022975003169443731e-03,9.608019386486512659e-01,4.814610354483205359e-03
1.227648377599599070e-04,4.111214089052772636e-01,4.515670183272760957e-03,4.964717770220844137e-03,4.106829056507636452e-03,5.751686092469615597e-01
5.831941189167106802e-05,4.384421074072514940e-03,9.822989744088037600e-01,1.557253253554978642e-04,7.319176339158527805e-03,5.783383440717961704e-03
9.834873680260881601e-01,2.847947449773105782e-04,7.519773346274726228e-05,4.961616250041091421e-03,1.099591055413911937e-02,1.951126912914555008e-04
1.682167545434073291e-02,1.188259994007610960e-02,1.919426027209927572e-04,9.547079458555584042e-01,9.052961766795205450e-03,7.342874380508611701e-03
1.900365899740109887e-02,9.332008023174905714e-03,1.131515801992982045e-02,8.416158808186828197e-03,9.442258207187437247e-01,7.707195432563596939e-03
1.472027009782325496e-04,4.703933763305856997e-01,3.280363913211153948e-03,8.179729469442049636e-03,3.718762789073240364e-03,5.142805647967094718e-01
1.021689792611556598e-04,5.618061096422878077e-03,9.740735759717279452e-01,2.373731877982686409e-04,1.279199884401967593e-02,7.176821920770137114e-03
9.445050710717417530e-01,1.090070073684474162e-03,2.531121033375614338e-04,1.625107262426008989e-02,3.715213192063654413e-02,7.485422063395686309e-04
7.171692237012671119e-03,1.364814417061344445e-02,1.604134172054213982e-04,9.649773721815918526e-01,5.606092381259862242e-03,8.436285612316823945e-03
2.314571589852847805e-02,1.551179262173644872e-02,8.839243870678413148e-03,1.718780704650709618e-02,9.230543281964105340e-01,1.226111236613902818e-02
1.889429708270185426e-04,5.090349191437163467e-01,3.376375766906610735e-03,8.831154860775113427e-03,4.927320008969912277e-03,4.736412872488049985e-01
6.871479539357387364e-05,4.332993990966969335e-03,9.812201960296694780e-01,1.594048732257869068e-04,8.508434052102945705e-03,5.710256258641363894e-03
9.869914074615632193e-01,2.249140295428510706e-04,5.752004416374705264e-05,4.137633036022954520e-03,8.434800123473543132e-03,1.537253052337943856e-04
4.410148099940366766e-03,1.093016068770969774e-02,1.277526008020943467e-04,9.735592262118299978e-01,4.240942087713147658e-03,6.731770312004723908e-03
8.359074263398101265e-03,1.011923813849537057e-02,2.872697921655450667e-02,4.574897957948268964e-03,9.391631809188374369e-01,9.056629504766235822e-03
9.808700406232237577e-05,3.954583393723642426e-01,5.577428026388327013e-03,4.803326655235010470e-03,3.302743665108261780e-03,5.907600752768419339e-01
1.777149923132688404e-04,1.980485331457374626e-02,9.317398081184004033e-01,6.556623018827025364e-04,2.166252608843306435e-02,2.595943518439683753e-02
9.564537853723500405e-01,7.404329081563772088e-04,2.202139788398295309e-04,9.871012839667858002e-03,3.219981352321293205e-02,5.147413777729800905e-04
4.930623428172112646e-03,3.430669052293507798e-02,3.364815935061148794e-04,9.310462691132780355e-01,8.215354507931545147e-03,2.116458083417706651e-02
7.755946807100752224e-03,7.769440028700989355e-03,1.232263518828448021e-02,4.632776513408213420e-03,9.608539777976667917e-01,6.665223664838793027e-03
9.592222118764582987e-05,3.776561289717259018e-01,3.107147978338500264e-03,4.227157780328982470e-03,3.013362414988369955e-03,6.119002806334307154e-01
6.296346307766452542e-05,3.506306620824246011e-03,9.838751451390542746e-01,1.413776026444645082e-04,7.877400245793555328e-03,4.536806928605678461e-03
9.871976044871484390e-01,2.226419632654352289e-04,5.425187463968654961e-05,4.411079314711721135e-03,7.962895770767296558e-03,1.515265894676573835e-04
4.895822891742738873e-03,2.434551016438374002e-02,2.632738293626647654e-04,9.482843631482383850e-01,7.217328329072970547e-03,1.499370163719925507e-02
7.912553449672943967e-03,8.969208758441914522e-03,1.493160228344673178e-02,4.982078531979509950e-03,9.554650500784722666e-01,7.739506897986587163e-03
1.175626720956435132e-04,4.829308806292456069e-01,2.298527107287012903e-03,8.032875310645637770e-03,2.676629296368109989e-03,5.039435249843579046e-01
1.246418061844081998e-04,6.096240577879204724e-03,9.701863991004234800e-01,2.736965935811770255e-04,1.561644529463530710e-02,7.702576627296570631e-03
9.838775444138389004e-01,3.007568821137289092e-04,6.234040042093041121e-05,6.395036874295854240e-03,9.161160033307580441e-03,2.031613960230116813e-04
6.635298258761054661e-03,1.088907157350600848e-02,1.356882065980325651e-04,9.706045848026566558e-01,5.029011809984252311e-03,6.706345348493877694e-03
1.313380414739604048e-02,9.751428843363019530e-03,7.805923039804917377e-03,8.751429917952219251e-03,9.526344325201222540e-01,7.922981531361587490e-03
1.064475988554824482e-04,3.895860517626161812e-01,7.254556450889760102e-03,4.645995086727786397e-03,3.903628208471794214e-03,5.945033208924389578e-01
1.701292036146026467e-04,6.791557441660525142e-03,9.630104580351018795e-01,3.358987287600957283e-04,2.124245540108867999e-02,8.449501189774423493e-03
9.833066684714685257e-01,2.407236986369293199e-04,8.563724914891099555e-05,4.208232224448722747e-03,1.199240913025369226e-02,1.663292260432405756e-04
